Symbol,11/6/2025 16:00:00,11/7/2025 16:00:00,11/10/2025 16:00:00,11/11/2025 16:00:00,11/12/2025 16:00:00,11/13/2025 16:00:00,11/14/2025 16:00:00,11/17/2025 16:00:00,11/18/2025 16:00:00,11/19/2025 16:00:00,11/20/2025 16:00:00,11/21/2025 16:00:00,11/24/2025 16:00:00,11/25/2025 16:00:00,11/26/2025 16:00:00,12/2/2025 16:00:00,12/3/2025 16:00:00,12/4/2025 16:00:00,12/5/2025 16:00:00
VMM,1.31,1.3,1.38,1.38,1.45,1.33,1.35,1.38,1.32,1.35,1.37,1.26,1.34,1.4,0.98,1.03,1.12,1.17,1.17
IGL,2.98,2.92,2.95,3.08,3.06,3.01,3.01,2.92,2.88,2.89,2.92,2.96,2.99,2.81,2.76,2.81,2.85,2.82,2.86,2.89,2.86,2.87
MGL,0.2,0.21,0.21,0.23,0.22,0.21,0.21,0.21,0.2,0.2,0.21
RTNINDIA,49.71,49.25,49.02,49.76,48.46,47.59,46.78,46.64,45.49,45.33,44.94,43.88,42.94,43.13,44.21,43.79,43.36,42.74,42.96,42.55,41.95,41.01
RVNL,37.35,37.46,43.23,51.64,48.77,42.38,35.74,34.67,35.32,33.8,33.51,34.58,35.92,37.69,40.79,44.02,45.68,45.97,47.6,50.25,49.45
JMFINANCIL,161.93,158.85,146.9,147.42,151.47,154.1,150.67,149.7,146.71,147.52,144.48,140.06,137.38,139.9,145.56,146.41,145.35,154.58,153.12,149.14,143.69,141.66
RHIM,2030,1994,2330,2470,2480,2500,2400,2405,2395,2405,2400,2400,2415,2405,2430,2455,2525,2530,2490,2510,2530,2550
NETWEB,3300.8,3431.9,3373.5,3493.7,3528.4,3475.9,3438,3378.1,3259.6,3288,3439.6,3306.4,3285.5,3297.4,3291.9,3335.3,3291.4,3218.6,3220.3,3211,3198.3,3081.6
BSE,2455.5,2678.3,2625.3,2644.2,2775.4,2760.2,2827.6,2811.9,2834.1,2898.3,2895.5,2858.3,2802.2,2840.6,2886.7,2929.1,2902.4,2886.6,2843.2,2751.1,2765,2815.9
TECHNOE,1273.4,1283.3,1283.5,1272.7,1275.2,1238.8,1227.4,1238.7,1205.6,1182.5,1210.8,1170.4,1176.9,1166.3,1188.2,1204.7,1205.3,1193.9,1161.9,1141.4,1107.7,1097.9
VIJAYA,1018.05,1023.6,1018.6,1018.1,1023.85,1041.2,1060.4,1039.4,1025,1004.6,1011.4,1007.4,1029,1008.6,1006.6,1008.95,998.05,1002.1,1010.85,1001.85,1080,1017.35
SONACOMS,482.9,491.1,485.7,489.8,497.75,489.15,485.6,486,488.55,506.95,507.65,503.15,505.8,501.3,507.2,509.5,511.75,508.75,506.4,491.65,499.65,492.85
JPPOWER,17.69,17.61,17.93,18.01,17.98,17.94,17.76,17.84,17.64,20.27,21.64,20.01,19.36,19.65,19.22,18.65,18.79,18.77,19.17,19.36,19.02,18.92
EIHOTEL,391.35,392.25,387.35,386.55,377.3,376.85,377.1,374.45,383.45,379.8,377.35,374.5,373.7,374.95,375.25,373.25,373.95,375.95,377.9,378.7,378,374.7
MEDANTA,1280.7,1251.8,1183.9,1172.9,1173.8,1201.8,1174.9,1202.1,1189.7,1199,1213.1,1226.9,1250.5,1249.6,1263.3,1250,1246,1245.9,1224.6,1212.4,1200.8,1163.5
SWIGGY,403.95,401.4,386.95,394.25,395.75,383.1,393.1,394.8,393.35,397,395.5,385.45,404.6,394.6,392.4,386.65,378.3,388.65,399.4,403.25,401.55,394.4
ANGELONE,2486.5,2616.4,2606.4,2641.4,2679.5,2713.5,2745.3,2847.4,2793.4,2813.9,2814.3,2748.1,2678.5,2687.7,2749.5,2764.2,2703.8,2763.4,2814.2,2670.2,2625,2641.7
ENDURANCE,2833.6,2855.9,2828.5,2802.6,2916.6,2691.7,2686.2,2686.5,2615.1,2736.7,2752.4,2708.4,2671.9,2695.2,2683.4,2678.1,2643.6,2689.6,2660.7,2668.5,2651.6,2659
METROPOLIS,2005.8,1963.9,1934.9,1955.9,1974.7,1965.4,1970.8,1982.3,1929,1942.3,1959.5,1955.1,1941.1,1952.1,1941,1934.1,1931,1956.6,1939.3,1945.7,1931.1,1924.2
BAJAJ-AUTO,8720.5,8721.5,8772,8895,8868,8867.5,8843,8945.5,8921,8884.5,8979.5,8892,9007.5,9048,9164,9022.5,9073.5,9096,9085.5,9000.5,9085,9109
BDL,31.55,31.59,32,31.5,31.52,31.5,31.1,30.94,30.91,29.99,32.78,32.78,32,30,30.36,30.45
SYRMA,788.65,799.5,808.05,831.05,892.9,887,894.35,903.1,875.4,876.25,871.85,835.9,819.15,833.8,857.3,850.3,820.25,813.05,795.15,795.35,786.25,743.25
OIL,4.9,4.9,4.99,4.9,4.99,4.9,5,5,4.71,4.7,4.7,4.7,4.5,4.5,4.4,4.2,4.3,4.35,3.9,3.91
BALRAMCHIN,445.4,432.55,461.2,454.2,449.15,458.15,465.5,471.9,461.9,462.7,457.45,449.85,452.35,449.85,453.1,449.5,447.6,447,450.1,444.2,441.9,444.15
GODFRYPHLP,3023.2,3031,2998.7,3024.6,3011.4,2971.3,2957.3,2934.4,2879.5,2938.3,2941.4,2888.2,2907.8,2873.7,2896.7,2935.3,2873,2837.9,2793.7,2788,2780.7,2732.3
CROMPTON,278.55,277.15,280.3,279.1,281.3,278.6,276.15,274.35,273.1,274.3,270,267.35,265.4,265.05,268.35,266.65,265.35,262.45,260.9,255.85,258.9,260.1
APTUS,294.85,292.4,288.2,288.15,282.95,287.25,290.35,293.05,288.6,288.25,280.3,277.05,286.4,280.5,281.2,280.7,279.1,282.7,278.05,275.95,283.95,281.7
JUBLFOOD,583.25,576.5,584.35,580.05,585.3,573.5,615.3,603.2,600.35,595.15,591.15,589.05,589.05,593.05,605,606.65,601.5,609.35,603.45,589.2,590.9,593.2
COHANCE,723.85,707.6,704.95,691.05,689.9,629.1,615.5,611.45,596.45,582.25,581.85,589.3,569.8,560.8,568.15,574.7,564.4,552.8,545.6,543.7,549.1,542.55
JKCEMENT,5702,5636,5611,5526.5,5500.5,5626.5,5556,5606.5,5487,5707,5633.5,5621,5553,5585,5925,5841,5758,5783.5,5797,5706.5,5618.5,5625
BOSCHLTD,37020,36810,37280,36680,37255,37385,36955,37450,37045,36870,37050,36500,36200,35770,36485,36320,36110,36335,36660,36580,36845,36920
NYKAA,246.14,245.87,260.82,262.02,256.81,256.95,260.13,268.74,269,269.15,268.74,268.52,271.16,270.45,264.45,264.85,267.31,264.9,261.8,258.1,255.5,254.8
TRENT,4679.2,4627.3,4283.7,4315.8,4375.8,4326.4,4391.2,4404.6,4374,4358.9,4388.9,4359.1,4310.9,4243.9,4292.4,4266.1,4250.4,4215.9,4226.5,4188.2,4215.8,4183.1
SAIL,19.94,19.79,20.32,20.18,20.25,19.19,19.92,18.49,18.73,18.48,17.61,18.62,18.54,18.75,18.36,18.42,18.4,19.14,19.42,19.85,20.24
SHYAMMETL,839.3,860.55,851.3,854.8,863.65,852.55,855.8,856,847.55,836.7,835,826.2,811.85,818.4,827.1,818.95,813.9,820.15,808.6,804.75,801.2,802.9
FIRSTCRY,344.35,337.2,336.8,335.05,341.4,343.1,335.55,333.2,325.05,322.05,321.2,316.95,310.8,307.85,315.2,306,302.5,300.25,299.85,300.7,297.8,288.95
NCC,144.4,143.2,145.4,146.6,145.8,145,143.8,143,142,141.6,147,146.6,150,146.6,146.2,148.4,148.4,146,146,145.8,146.6,144.6
IOC,52.9,53.14,53.74,52.5,53.28,52.08,53.12,52.6,49.55,50.58,49.62,49.4,50.96,51.1,51.86,50.78,52,50.86,50.76,50.42,51.4,51.3
GILLETTE,8706.5,8480.5,8476,8284.5,8509.5,8463.5,8539,8586.5,8343.5,8342.5,8404,8276.5,8445.5,8406,8428,8763,8684.5,8578,8378.5,8332,8535,8345
ACE,1.88,1.93,1.93,1.95,1.86,1.86,1.83,1.81,1.72,1.76,1.79,1.75,1.76,1.8,1.79,1.78,1.79,1.73,1.68,1.64,1.6,1.61
CREDITACC,1337.5,1346.9,1407.8,1369.2,1367.8,1355.8,1366.7,1356,1328.5,1321.2,1328.3,1359.2,1392.3,1389.2,1370,1372,1337.1,1344,1324.8,1334.1,1347,1290.7
INDIACEM,389,378.45,378.7,390.8,392.25,394.35,392.85,412.15,411.3,416.9,407.8,403.7,396.85,399.55,397.4,398.45,392.8,386.65,382.95,375.7,412.15,416.2
SHREECEM,27450,27375,27090,27035,27095,26995,26700,26680,26420,26510,26480,26480,26490,26455,26935,26755,26400,26415,26545,26300,26450,26075
PAYTM,1320.6,1346.5,1330.7,1332.6,1306.2,1307.5,1299.2,1332.9,1295.5,1282.6,1283.9,1265.8,1260.7,1241.4,1286.5,1293.1,1320.6,1367.8,1364.2,1338.9,1328.6,1344.6
IIFL,520.75,526.3,541.9,540.75,540.35,537.65,547.3,561.6,565.15,557.55,544.75,540,536.8,557.4,570.75,568.8,578.7,587.45,580.75,574.4,566.35,569.35
CEATLTD,3970.6,4026,4114.8,4087.3,4071,4005.1,3986.4,4019.9,3885.6,3894.6,3877.5,3877.8,3813,3872.9,3888.2,3869.6,3847,3840.6,3909,3982.7,3888.7,3906.9
M&M,3618.5,3690.2,3663.9,3749.1,3754.3,3699.5,3698.6,3734.9,3694.8,3722.5,3716.7,3749.6,3690.8,3669.3,3686.4,3681.2,3757.3,3741.6,3716.5,3649.4,3671.6,3717.1
INOXINDIA,1202.9,1175.3,1177.8,1200.7,1200.7,1200.2,1200.5,1231.4,1208.1,1159,1155.2,1150.1,1173.2,1175.5,1178.4,1193.9,1169.6,1150.7,1151.9,1157,1154.3,1137.8
OLAELEC,47.57,46.55,44.31,42.86,43.19,42.2,42.29,42.28,42.13,41.95,41.88,41.86,40.81,40.59,40.76,41.42,41.21,40.59,40.04,38.03,36.12,35.5
DBREALTY,143.91,145.74,142.6,142.54,143.6,152.73,146.3,141.2,142.98,140.92,140.41,135.98,131.83,134.03,135.52,134.91,131.79,129.87,127.06,126.46,122.22,120.41
LATENTVIEW,470.45,436.55,455.5,485.45,482.8,482.4,488.8,479,469.9,494.25,493.05,482.95,484.35,499.2,493.65,485.9,498.35,483.4,468.25,458.1,457.65,450.9
TVSMOTOR,3446.8,3456.8,3490.8,3474.2,3454.5,3450.6,3386.5,3475.4,3479.9,3477.7,3486.4,3441.9,3441.5,3447.8,3538.6,3518,3531.5,3661.8,3670.7,3631.8,3646.4,3665.4
IKS,1667.5,1660.2,1675,1654.6,1644.7,1616.2,1604.4,1620.1,1600.6,1594.6,1590.4,1568,1677.5,1629.8,1680.6,1696,1680.6,1704.2,1682.6,1667.5,1666.6,1645
HEROMOTOCO,5326,5296,5359.5,5417.5,5534,5508.5,5538.5,5798.5,5799.5,5876.5,5999.5,6002.5,5982,6081.5,6136.5,6151,6174.5,6295.5,6270.5,6211.5,6340,6350.5
ASHOKLEY,141.23,141.28,142.28,146.04,142.53,150.41,148.26,148.45,147.23,145.46,146.24,144.69,144.59,145.83,148.95,159.75,158.12,160.3,160,162.71,160.21,160.86
CAMPUS,271.3,276.8,280.3,274.65,275.6,269.9,272.7,275.65,271.3,263.25,257.95,260.9,268,273.7,274.8,271.2,275.9,275.85,275.25,275,273.2,273.95
ETERNAL,305.65,306.1,301.45,305.8,308.8,297.75,303.75,309.55,306.15,306.6,306.9,301.95,301,302.3,306.85,302.75,300.1,301.5,300.55,297.75,295.75,292.4
TCS,34.67,35.11,34.4,33.77,35.27,34.63,34.64,34.77,34.03,33.39,33.43,33.64,34.81,35.9,36.1,36.5,35.38,33.9,34.5,34.96,33.27,33.14
TCS,34.67,35.11,34.4,33.77,35.27,34.63,34.64,34.77,34.03,33.39,33.43,33.64,34.81,35.9,36.1,36.5,35.38,33.9,34.5,34.96,33.27,33.14
ULTRACEMCO,11910,11849,11728,11825,11921,11934,11874,11778,11707,11666,11753,11729,11584,11580,11759,11617,11600,11662,11666,11591,11608,11597
ULTRACEMCO,11910,11849,11728,11825,11921,11934,11874,11778,11707,11666,11753,11729,11584,11580,11759,11617,11600,11662,11666,11591,11608,11597
ESCORTS,3689.7,3629.2,3548.6,3614,3570.4,3608,3551.1,3623.4,3618.8,3584.4,3557.8,3617.5,3670.2,3637.6,3686.6,3847.8,3817.4,3844.2,3757.2,3800,3733.8,3710.9
IEX,166.82,167.96,168.8,169.51,169.57,167.06,164.49,162.76,161.68,161.68,163,170.65,169.91,173.65,173.76,173.93,174.64,175.1,178.21,179.03,177.54
UNOMINDA,1233.8,1229.7,1319.3,1311.1,1332.9,1303.2,1307.2,1299.9,1292.3,1305.1,1298,1281.4,1279.5,1285.3,1320.1,1312.4,1306.8,1309.1,1294.4,1266.9,1271.9,1272.4
SKFINDIA,2099.6,2077.8,2072.3,2052.3,2051.6,2047.9,2045,2061.3,1976.8,1975.6,1984.9,1960.2,1969.3,1947.6,1950.8,1938.5,1915.6,1946.7,1949.1,1940.5,1891.8,1878.3
ERIS,1585.4,1594.2,1591.8,1596.7,1575.2,1518.1,1550.4,1566.5,1575.7,1610.9,1669.6,1666,1684,1652.1,1616.6,1612.3,1595.4,1581.5,1569.7,1561.2,1559.9,1551.7
RAINBOW,1363.7,1373.5,1349.8,1355.1,1359.1,1355.7,1341.5,1308.2,1300.4,1341.2,1337.9,1330,1348.1,1347,1350.5,1356.7,1351.3,1329,1335.4,1348.1,1347.6,1350.9
DMART,4082.2,4011,4019,4072.2,4058,4062.5,4053.7,4036.2,3997.2,4026.5,4085,4038,3987.5,3988.6,4019.1,4007.1,3996.5,3963.3,3961.8,3909.7,3913.3,3952.1
KNRCON,179.02,180.2,179.3,177.59,176.84,170.18,168.21,172.63,170.38,168.19,166.78,163.89,164.09,162.62,163.97,162.24,160.2,161.82,158.56,150.74,149.11,149.03
EXIDEIND,379.85,377.35,379.1,377,380.4,379.7,381,382.7,381.5,380.9,380.8,375.35,363.45,361.85,365.15,368.35,374.8,380.15,378.45,372.65,380.35,380.15
CRAFTSMAN,6772.5,6770.5,6789.5,7175.5,7072,6830.5,6746,6784,6707,6776.5,6770,6744,6660,7021,7101,7050,7024.5,7044,6955,7053.5,7038.5,7102.5
BHARTIHEXA,1813.9,1761.8,1771.1,1796.4,1800.9,1806.1,1776.9,1785,1829.3,1828.1,1836.1,1759.3,1745.1,1777.4,1778.8,1754.8,1768.3,1748.7,1730.4,1755.2,1764.9,1758.7
RENUKA,28.91,27.83,28.63,28.26,28.24,28.26,28.23,28.15,28.27,28.23,28.24,27.96,27.45,26.82,27.23,27.18,26.71,26.75,26.7,26.7,26.77,26.44
NIVABUPA,75.43,76.03,76,76.02,76.45,76.09,76.57,77.96,77.41,76.03,76.9,75.57,74.27,76.08,75.71,74.77,74.34,73.86,74.76,74.79,74.41,73.48
SAREGAMA,426.35,409.1,418.95,407.7,407.8,396.8,399.9,396.25,396.55,388.35,388.2,375,370.55,370.9,380.4,399.75,397.5,395.45,382.75,370.65,368.15,370.3
CHAMBLFERT,484.7,479.85,468.85,464,466.6,466.1,463.55,469.3,464,457.25,457.5,459.15,440.45,446.7,442.15,442.6,440.15,441.7,438.95,434.35,433.4,431.85
PNCINFRA,279,277.45,276.8,274.2,281.45,278.2,274.05,266.9,263.4,262,262.65,261.45,251.75,248.9,252,251.8,247.4,246.04,245.73,241.79,244.12,249.01
SUMICHEM,480.05,475.15,472.7,473.8,475.65,468,464.8,463.35,456.15,458.1,455.35,451.7,444.9,451.1,456.25,458.8,466,473.05,460.2,462.15,465.35,465.25
MINDACORP,573.35,579.2,590.35,597.4,607.6,605.35,601.15,605.45,595.25,605.3,601.95,595.2,586.2,593.4,595.65,586.7,581.25,576.65,600.9,590.25,590.75,586.15
DELHIVERY,442.6,429.55,427.6,430.1,431.4,434.05,436.4,440.1,435.85,436,426,418.4,405.85,410.65,419.4,425.25,426.2,417.6,409.1,401.95,401.6,404.6
JBCHEPHARM,1691.8,1702.9,1813.3,1828.4,1819.5,1818.6,1823,1821.5,1797.6,1752,1748.4,1729.6,1756.6,1771.3,1780.9,1773.3,1771.3,1767,1764.5,1763.5,1821.7,1825.4
RCF,61.5,60.02,58.5,59.38,60.74,59.46,57.46,56.26,58.2,56.76,58.36,60.4,59.42,57.5,57.5,59.26,57.6,57.6,56.96,58.72,60.12
STARHEALTH,486.7,488.65,490.75,490,497.6,500.85,522.45,520.25,515.55,507.75,505.55,491.4,496.9,496.25,489.8,491,487.95,481,479.3,471.55,465,457.85
AMBUJACEM,558.4,558.8,556.1,557.55,562.55,559.35,563.2,560.3,557.8,555.3,555.75,547.55,544.6,545.85,550,548.7,550.2,543.35,543,535.35,536.9,533.8
HINDUNILVR,2436,2414,2408.8,2427.5,2424.5,2407.6,2427.7,2425,2404,2441.6,2428.4,2433.7,2424.2,2414.1,2425.2,2451.7,2466.6,2464.5,2477.8,2448,2462.2,2338.6
VOLTAS,1292.4,1321.5,1340.7,1303.8,1337.6,1336.9,1350.9,1373.9,1384.2,1401.8,1411.8,1395.8,1354.6,1356.3,1387,1398,1376.3,1360.4,1352.9,1335.9,1329.4,1327
MAHSEAMLES,547.65,548.55,550.45,554.05,562.3,562.75,562.95,563.4,565.2,565.45,571,572.05,571.05,585,579.45,575.1,589.1,589.35,572.9,560,572.45,571.8
COLPAL,2173.6,2167.2,2171.2,2182.1,2177.4,2174,2172.7,2186.6,2180.7,2183.4,2179.7,2180.6,2156.7,2167.7,2185,2171.3,2168.6,2152.9,2158.2,2101.9,2138.1,2164.4
DABUR,523.7,518.65,515.45,519.95,522.3,522.2,525,524.25,520.85,517.55,525.05,515.65,512.4,514.4,517.2,519.15,517.4,515.25,507.95,506,508.1,510.1
GLAXO,2605.5,2587.9,2539.8,2476.3,2506.7,2494.5,2479.4,2493.1,2487.9,2519,2509,2497.9,2477,2486.1,2489.3,2519.6,2569.5,2495.4,2519.6,2518.9,2510.8,2545.6
IOB,10.96,10.44,10.6,10.82,10.48,10.74,10.58,10.46,10.12,10.08,10.56,10.34,11,11.02,10.82,10.76,11.18,11.1,11,10.88,10.94,11.54
LEMONTREE,166.05,162.71,161.19,159.55,163.24,155.19,156.52,156.74,155.12,150.98,152.46,153.75,148.43,150,151.54,154.35,158.27,163.28,162.27,162.85,162.1,164.53
DCMSHRIRAM,1230,1243.9,1246.3,1234.7,1236.2,1235.2,1236.4,1211,1190.6,1177.9,1174.2,1268.5,1201.3,1189.7,1259,1228.6,1216,1206.9,1220.6,1221.3,1227,1220.9
KEC,24.56,24.53,24.53,24.55,24.53,24.6,24.6,24.52,24.54,24.53,24.55,24.61,24.6,24.6,24.55,24.61,24.55,24.6,24.61,24.64,24.65,24.6
TBOTEK,1578.6,1600,1618.7,1590.6,1604.3,1563,1572.4,1617,1621.4,1610.2,1678,1710,1730.7,1705.3,1687.2,1699.8,1652.3,1683.7,1697.8,1689.8,1671.3,1625.3
TORNTPHARM,3553.4,3580,3817.5,3825.8,3824.6,3826.1,3831.8,3819.4,3790.8,3731.4,3721.4,3686.5,3718.4,3745.2,3755.8,3730.4,3720.6,3736.9,3728,3720.9,3795.7,3785.9
ZFCVINDIA,12802,12680,12660,12599,12854,12800,12688,12699,12631,12963,13047,12962,12931,12787,12893,13095,13204,14827,14413,14787,14865,14793
NH,1819.9,1810.4,1812.3,1758.8,1759.2,1777.1,1753.5,2008.2,1951.7,1991.2,2017,2043.2,1975.8,1957.3,1967.1,1951.2,1945.5,1910.6,1910.3,1955.2,1937.6,1916.9
JSWHL,16653,17042,17019,16698,16786,16721,17192,17944,17593,17239,17729,17324,18147,18569,19334,19822,20228,21125,22165,22085,21025,20280
JUBLINGREA,664.4,654.8,663.7,665.45,673.9,681.5,683,718.25,706.2,713.7,724.25,719.75,708.65,725,729,711.95,708.05,703.55,703.05,702.7,688.4,687.3
INDUSINDBK,786.2,797.25,799.35,826.1,864.4,863.45,848.25,854.05,847.95,839.6,829.4,846.55,836.05,839.9,850.7,857.45,858.55,847.15,850.3,846.9,863,870.1
GRAVITA,1703.8,1710.8,1730,1735.8,1736.9,1718.5,1742.2,1759.7,1729.1,1702.4,1701.6,1704.2,1831.9,1816.1,1851.9,1827.2,1823.3,1789.4,1776.8,1788.6,1800.3,1793.5
PATANJALI,573,578.9,580,582.5,588.3,590.45,587.8,586.9,587.05,582.9,584.25,579.3,569.75,569.35,569.65,569.45,568.15,569.25,563.35,555.15,528.75,550.8
NETWORK18,47.29,47.64,47.51,46.67,47.31,46.75,46.27,46.88,46.02,45.85,45.59,45.04,44.88,44.54,45.14,45.26,45.07,45.14,44.72,44.55,43.47,43.25
JSL,729.8,731.75,722.75,740.95,728.25,738.9,738.05,749.2,751,771.3,768.35,752.5,754.5,746.55,764.15,772.45,771.05,755,760.75,748.4,747.85,755.4
SAMMAANCAP,185.3,185.41,179.24,176.36,176.97,178.33,176.14,183.66,182.76,159.55,157.02,158.91,152.29,151.74,156.79,155.49,153.76,152.53,150,153.47,149.69,148.32
OBEROIRLTY,1780.4,1792.9,1787.2,1762.7,1738.7,1744.2,1752.4,1745.2,1710.4,1708.7,1708.5,1655.4,1607.1,1629.6,1662.8,1661.6,1647.2,1618.9,1632.6,1640.6,1663.7,1657.7
ITI,315.85,314.55,317.55,316.25,321.85,323,316.55,316.2,311.95,308.15,305.65,297.25,325.15,311.05,309.6,314.1,309.4,308.4,305.95,305.05,303,301.6
LODHA,1232.5,1226.6,1206.1,1221,1217.2,1217.6,1209.5,1220.3,1192,1202,1200.8,1176.8,1159.9,1160.2,1163.6,1156.6,1148.2,1128.2,1119.8,1103.9,1109.5,1111.6
ELGIEQUIP,483.4,479.15,474.45,486.5,491.8,500,501.5,514.7,504.9,504.55,507.55,492.75,495.85,480.5,498.65,498.55,510.5,500.15,505.95,506.5,491.45,500.8
CERA,6184.5,5997,5923.5,5819,5771.5,5686,5617,5620.5,5680,5651,5682,5584.5,5498,5467,5552,5558,5537,5501,5409.5,5486.5,5405,5344
LINDEINDIA,5843,5878.5,5839,5779.5,5801,5758,5743,5741,5695.5,6076.5,6125.5,5966.5,5894.5,5890,5908,6022.5,5966,5884.5,5793,5771,5800,5910
ASTERDM,687.25,692.9,681.65,677.65,681.35,673.15,678.1,679.1,681.05,662.6,665.3,650.2,667.85,660,665.45,665.65,665.45,669.65,664.9,655.45,653.25,635.1
PRAJIND,333.75,332.9,330.95,325.5,335.4,331.1,331.4,333.75,344.75,341.35,342.15,334.6,329.35,322.6,325.2,323.05,316.2,316.4,317.3,313.7,314.85,310.5
BIKAJI,726.45,717.45,707.4,722.3,716.25,707.5,711.95,714.5,721.6,719.85,721.05,712,707.45,705.5,710.5,713.45,717.15,715.35,700.65,697.8,712.4,716.8
APOLLOTYRE,505.8,515.4,522,520.4,532.35,536.9,518.7,514,522.8,522.65,519.25,512.4,528.15,522.05,521.45,518.95,514,516.35,519.25,535.2,530.6,521.45
ABSLAMC,770.35,763.2,753.85,737.15,737.05,751.2,733.95,748.4,736.9,739.1,744.9,734,716.95,725.7,730.85,729.9,735.35,735.15,727.4,723.15,727.5,726.5
AEGISLOG,766.6,761.35,769.6,780.05,799.7,801.8,791.95,796.95,790.9,788.35,777.55,765.2,762.2,766.55,761.5,760.7,763.65,767.45,774.05,769.3,761.35,740.95
POLYCAB,7591.5,7542,7608,7659.5,7680,7721,7632,7683,7661,7688,7648.5,7521,7427,7439,7539,7479,7470,7401,7347,7227,7348.5,7257
MANYAVAR,645.35,639.5,629.15,621.8,629.6,626.95,626.5,626.2,619.1,617.5,614.6,608.15,600.15,611.9,606.8,614.7,608.15,618.75,605.05,605.25,604.85,597.25
CHALET,929.15,915.85,903.65,892.85,907.1,888.4,884.05,870.95,875.35,885.95,899.9,896.8,882.3,881.9,876.7,896.05,886.4,897.1,879.95,911.2,897,898.45
RAYMONDREL,603.3,598.85,587.25,572.55,570.15,561.5,542.75,524.1,518,517.85,514.55,512.05,471,486.45,514.2,495.5,503.2,507.4,501.95,496.15,499.3,485.95
WHIRLPOOL,1350.2,1340,1285.2,1237.9,1226.9,1227.3,1245,1235.6,1206.9,1202.1,1187.9,1180.3,1183.1,1195.3,1200.9,1063.8,1072.1,990.3,1009.9,982.4,979.1,949.5
KAJARIACER,1141.7,1125,1120.7,1109.7,1105,1128.3,1123.8,1119,1104.4,1086.9,1082.6,1078.1,1090.7,1087.6,1096,1082.2,1067.2,1073.9,1079.4,1068.6,1060.5,1054.7
AJANTPHARM,2568.8,2524.2,2528.8,2577.6,2567.9,2549,2523.2,2504,2458.1,2517.7,2510.7,2485.7,2515.2,2509.2,2535.1,2530.7,2560.8,2562.6,2588.6,2606.7,2628.5,2640.6
VBL,471.85,470.2,463.25,470.6,459.3,453,459.4,461.7,457.9,454.55,451.5,447.65,446.1,449.05,465.5,467.3,481.55,484.15,481.4,477.5,479.9,479.95
AKUMS,460.35,453.35,438.8,438.6,453.15,437.4,424.3,440.5,430.3,424.9,421.55,421.65,414.05,424.4,426.25,419.5,425.95,424.75,425.3,420.85,420.3,420
TATAMOTORS,#N/A
PIDILITIND,1442.8,1454.8,1456.6,1472.9,1482,1481.4,1459.8,1475.5,1491,1476.7,1489,1472.1,1463,1466.6,1484.4,1472.3,1469.8,1468.6,1468.9,1478.6,1484.7,1475.1
AADHARHFC,499.45,494.55,498.45,492.45,496.6,499,494.9,496.85,494.45,488.2,485.75,483.6,485.2,487.05,486.85,483.15,481.15,484.8,485.05,484.35,481.35,481.4
VGUARD,369.2,360.95,359,357.1,355.15,354.3,351.25,350.95,349.4,348.4,347.9,345.85,349.35,341.2,340.85,338.6,344.3,340.95,344.5,339.4,338,342.55
SCHNEIDER,876,861.95,808,821.3,821.35,803.15,797.2,790.65,764.3,782.2,755,741.35,734.3,714.05,733.2,719.4,716.35,716.65,751.7,773.8,762.45,753.45
KALYANKJIL,512.85,512.8,510.4,509.4,508.75,498.75,495.5,495.45,490.65,499.6,504.1,496.45,484.4,482.8,497.55,493.9,505.35,506.95,501.3,490,490.1,492.5
RPOWER,41.07,39.19,41.1,41.19,41.71,41.26,41.33,40.86,40.06,39.93,39.32,38.84,37.04,37.2,39.48,40.21,39.95,38.92,38.9,38.41,38.18,37.68
EMCURE,1359,1362.4,1426.6,1369.7,1337.4,1379.4,1371.8,1394.1,1360.5,1370.1,1361.7,1354.6,1361.9,1421.5,1397.2,1411.4,1414.3,1434.1,1391.6,1392.5,1403.5,1396.2
MAPMYINDIA,1764.6,1815.5,1825.8,1742.3,1719.9,1702.9,1692.4,1698.7,1693,1694.5,1702.8,1702.8,1680.7,1660.2,1664.5,1659.6,1675.7,1674.3,1734.8,1717.2,1679.1,1672.4
JINDALSTEL,1045.5,1069.9,1071.4,1080.2,1079.9,1087.8,1076.2,1080,1066.3,1071,1069.4,1038.6,1021.3,1022.6,1042.4,1041.1,1044.4,1048,1028.8,1017.9,1005.8,1006.8
ABFRL,78.08,79.7,80.06,78.71,80.84,79.58,78.44,78.22,77.83,78.07,78.38,76.71,75.66,75.43,76.94,77.05,78.15,76.61,77.08,76.74,76.38,77.41
LLOYDSME,1314.5,1315.6,1319.6,1319.5,1316.9,1271.3,1287.3,1259.2,1249.6,1264.8,1263.9,1223,1191.7,1188.8,1241,1228.9,1220.4,1219.7,1210.8,1204.2,1195.8,1220.3
RAMCOCEM,1033.2,1033.5,1032.8,998.8,1005.7,987.6,980.3,994.8,984,991.4,996.8,1010.5,1011,1006.6,1016.9,1019.6,1037.5,1023.2,1022.5,1027.5,1015.4,1011
WESTLIFE,585,574.95,560.95,564.65,550.55,560.05,548.9,544.25,543.1,561.85,550.1,550.05,556.6,563.3,566.6,563.1,567.2,575.35,585.95,587.9,576.2,558.55
SUZLON,59.61,57.38,57.43,57.82,58.48,57.58,57.68,57.7,56.9,56.53,56.7,55.1,54.61,54.19,55.58,54.93,54.01,53.72,53.42,52.59,50.85,51.74
DOMS,2548.2,2474.6,2519.3,2566,2538.9,2509,2621.7,2599.6,2553.8,2557.7,2532.9,2519.2,2518.4,2525.9,2549.4,2521.8,2510,2494.6,2503.4,2609,2631.5,2600.5
ASTRAZEN,9182.5,9077.5,9083,9150,9282,9183,9153,9140,9037.5,9118.5,9133.5,8988,9037,9026,9042,8997.5,9024,9066.5,9144.5,9118,9203,9226.5
ARE&M,989.2,980.1,964,960.6,964.1,966.9,965.8,965.1,956.1,960.1,968.6,953.8,954.4,945.6,949.8,945.3,951.9,950.45,950.6,945.65,940.3,945.6
IDFCFIRSTB,80.37,81.47,81.21,80.69,81.58,80,80.43,81.01,80.11,79.61,78.93,78.33,77.97,79.35,80.37,80.5,80.13,80.71,81.98,80.58,79.88,80.87
JYOTHYLAB,313.45,312.35,313.25,313.3,310.1,309.85,310.85,312.3,309.55,308.2,310.15,309.8,304.7,302.65,308.3,304.9,300.05,295.5,295.35,291.85,293.45,290.15
MANAPPURAM,274,270.65,277.95,274.9,274.05,273.85,281.15,282.65,280.35,280.35,282.05,277.1,275,279.05,287.8,285.65,284.95,282.4,278,275.8,274.3,279.7
IPCALAB,1304.8,1318.3,1344.8,1322,1340.9,1302,1479.6,1464.8,1422.9,1447.4,1438.2,1444,1428.2,1406.2,1408.9,1396,1453.1,1420.6,1429.3,1443.8,1454.6,1459.1
SWSOLAR,231.72,229.87,230.97,230.53,233.58,231.8,229.58,232.87,229.39,228.25,231.59,228.48,225,224.81,225.91,228.51,225.96,229.47,232.14,227.15,224.58,220.85
PAGEIND,39760,39740,40200,40220,40720,39585,39765,39470,39255,38810,38565,38885,38860,38535,39000,38930,38320,37405,37605,37240,37505,37455
HUDCO,227.52,230.69,233.79,230.7,227.17,225.39,227.49,239.14,243.93,237.28,237.1,230.02,228.19,230.76,239.17,239.57,239.28,238.52,236.1,225.39,222.33,225.22
UBL,1805.5,1784.6,1780,1785.5,1794.9,1810.3,1810.2,1786.8,1766.2,1748,1740.2,1726.9,1704.9,1699.2,1700.1,1695.7,1690.6,1671,1721,1701.2,1693.3,1683.3
CDSL,1532.9,1578.8,1589.8,1600.9,1655.3,1626.3,1625.8,1631.5,1605.7,1622.8,1640.1,1610.2,1587.6,1574.1,1619.9,1624.6,1617.2,1604.5,1592.1,1550.5,1536.3,1550.6
MCX,21905.03,21773.39,21968.27,22149.88,22135.32,21995.51,21819.56,21687.9,21424.81,21412.24,21384.35,21363.37,21411.58,21617.41,21885.52,22091.47,22165.17,22020.68,21982,22001.45,22070.99,22063.95
HAVELLS,1442.3,1448.5,1457.7,1443.6,1458,1466.1,1469.4,1480.4,1468,1440.4,1448.5,1441.1,1424.6,1419.4,1439.8,1434.6,1441.9,1435.3,1422.5,1420.6,1433.5,1436.5
3MINDIA,35790,35580,36025,36035,36005,36075,35910,36130,36090,35970,35685,35455,35350,35290,35520,35030,34840,34815,34750,34760,34750,34125
AWL,271.25,270.8,270.9,273.95,272.9,272.65,274.2,274.95,269.15,275.8,276.75,274.1,277.6,271.45,264.25,261.35,259,255.3,249.4,247.55,249.25,252.8
RKFORGE,534.35,531.75,533.9,543.2,538.45,556.1,552.7,556.5,544.6,539,540.9,535,521.15,531.75,542.1,544.25,550,536.5,522.45,534.35,531.4,531.35
NIACL,182.59,181.92,183.36,182.76,185.26,184.51,180.02,180.9,181.89,178.59,177.68,174.51,172.92,172.93,173.2,170.99,170.68,169.37,167.58,165.03,163.34,159.35
APLLTD,915.35,921.95,926.65,916.95,916.65,915.95,904.05,948.85,913.55,906.25,899.45,901,903.75,905.15,914.75,905.35,907.2,907.7,900.2,909.5,901.75,899.8
J&KBANK,102.75,105.21,107.56,107.42,107.61,106.33,107.24,108.08,107.1,108.87,107.43,105.05,103.95,105.29,106.46,108.17,106.98,107.18,107.17,104.16,103.6,103.15
JSWSTEEL,1168.8,1171.7,1179.3,1191.5,1181.8,1183.9,1167.8,1175.5,1163,1164.9,1170,1140.3,1106,1112,1154.4,1160.6,1160.3,1168.4,1162,1143.6,1150.6,1162.2
ALKYLAMINE,1804.8,1777.7,1770.7,1761.6,1790.9,1778.8,1775.6,1794,1766,1771.8,1775.5,1747.2,1715.5,1714.1,1707.5,1701.8,1680.5,1669.6,1663.2,1658.4,1658.4,1637.4
ASTRAL,1566.1,1557.3,1568.4,1555.8,1585.2,1550.6,1514,1465.7,1449.8,1448.2,1462.4,1452.6,1473.2,1465.5,1466,1471,1440.8,1440.5,1419.7,1409.6,1440.7,1459.5
SBFC,112.4,113.97,112.32,110.38,109.75,108.59,109.3,110.79,109.53,109.62,108.72,107.52,105.23,107.34,108.88,106.56,108.38,107.69,106.25,106.14,105.92,106.27
DALBHARAT,2048.8,2037.5,2055.7,2044.8,2036.2,2047.8,2032.6,2014.6,1991,2021.3,2012.1,2009.2,2022.8,2019.9,2026.6,2019.2,2009.4,2009.4,1986.8,1983.5,1990.3,1989
LICI,896.1,924.15,899.7,900.6,900.15,902.85,909.45,915.35,915.5,914.05,908.3,902.4,895.05,897.65,894.8,900.25,894.45,882.1,883.9,868.05,876.65,869.9
CCL,26.37,26.73,26.89,26.79,27.13,26.14,26.02,25.36,25.76,26.08,25.32,26.56,24.76,25.72,25.43,25.78,25.93,25.84,26.04,25.82,25.87
HONASA,276.95,273.95,274.45,274.85,282.05,289.4,292.1,298.85,288.1,293.75,290.25,286.7,290.35,295.05,293.65,289.6,289.9,286.55,285.75,281.25,278.15,274.95
CLEAN,2343.02,2308.52,2315.48,2318.53,2332.45,2300.14,2303.41,2313.22,2285.65,2277.45,2275.17,2249.02,2260.36,2263.96,2268.82,2273.56,2288.67,2299.23,2302.07,2312.96,2324.47,2320.8
BAJAJHFL,109.38,109.5,108.26,107.68,108.03,107.64,107.54,107.39,106.58,106.06,106.41,105.53,105.76,104.96,105,105.35,105.07,104.49,97.02,96.97,96.31,95.55
THERMAX,3256,3190.9,3138.6,3167.7,3061.2,3024.1,3006,3012.9,2943.4,2921.9,2968.2,2886.7,2867.2,2882.8,2933,2940.8,2920.1,2916.5,2924.1,2889.6,2869.1,2845.7
GRASIM,2700.1,2724.6,2762.9,2775.8,2767.4,2777.8,2783.4,2790.3,2762,2744.7,2748.6,2734.8,2688.7,2686.8,2744,2740,2739.4,2731.5,2735,2720.3,2730.4,2747
BERGEPAINT,544.45,531.05,535.6,546.2,560.1,577.9,579.55,578.1,586.6,588.95,590.1,579.55,579.3,569.15,575.65,570.85,564.6,556.1,559.05,558.3,556.15,554.5
DIVISLAB,6883.5,6656.5,6691.5,6539.5,6520,6593.5,6511.5,6518.5,6473.5,6454,6462.5,6373,6359,6412,6510,6490.5,6477,6422.5,6417.5,6455,6469,6473.5
MRPL,169.86,172.49,170.57,178.35,174.51,173.63,171.83,183.52,178.39,174.09,174.23,170.28,166.82,165.79,160.62,160.24,158.06,161.96,158.98,159.41,156.73,153.74
KIRLOSBROS,1802.7,1715.2,1693.4,1704.8,1760.2,1734.1,1732.9,1764.9,1744.7,1752,1739.1,1702.3,1730.5,1680.7,1707.5,1687.2,1690.3,1685.5,1660,1639,1633.3,1595.5
SUNDRMFAST,936.75,940.15,949,953.2,960.55,955.7,952.95,960.8,984.75,960.05,964.5,951.7,987.4,964.85,961.85,954.65,934.75,958.15,950.55,934.5,937.8,942.45
AARTIIND,390.5,391.8,392.65,386.55,397.1,393.3,393,395.3,389.8,390.2,386.85,384.75,380.8,379.75,377.95,380.8,382.3,380.45,377.1,370.05,369.65,363.05
GODREJAGRO,618.9,589.55,589.45,572.7,575.45,584.65,567,584.3,577.1,568.25,571.2,574.85,564.9,571.15,595.7,599.7,594.55,608.3,596.95,591.05,587.25,582.9
BLUEDART,6331,6221.5,6134.5,6079.5,6178.5,6044.5,5995,6044,5984.5,5937,5905.5,5805.5,5730.5,5714.5,5750.5,5750,5719,5644,5655,5629.5,5592,5564.5
IGIL,163.2,163.44,163.5,164.34,163.8,164,162.76,163.35,162.46,162,162.54,162.47,162.42,163.5,164.18,164.78,164,163.77,163.23,164.46,164.76,164.2
ABBOTINDIA,29455,28785,29505,29550,29570,29570,29340,29560,29665,29530,29585,29575,29675,30205,30025,29440,30075,29810,29240,28890,28850,28945
SUNDARMFIN,4858.4,4808,4800.6,4784.2,4710.3,4748,4721,4771,4653.1,4713.6,4661.5,4703.2,4734.3,4764.1,4723.8,4676.1,4728.6,4760.8,4739.4,4690.2,4667.7,4848.3
BLUESTARCO,1785.5,1752.7,1771.6,1780.1,1798,1787.7,1768.4,1788.9,1777.5,1795,1794.6,1776.3,1785.3,1746.7,1775.9,1758.2,1765.4,1769.4,1745.4,1754.5,1752.4,1734.4
TITAN,6.28,6.32,6.28,6.26,6.18,6.26,6.26,6.26,6.16,6.24,6.22,6.16,6.2,6.22,6.16,6.2,6.14,6.14,6.18,6.44,6.6,6.84
DLF,758.35,759.45,760,765.25,761.2,764.8,764.85,768.5,750.35,743.65,741.1,725.35,717.7,721.3,730.75,725.4,723.6,712.5,712.2,708,709.35,719.75
BEL,0.03,0.02,0.02,0.02,0.02,0.02,0.02,0.02,0.02,0.02,0.02,0.02,0.02,0.02,0.02,0.02,0.02
MANKIND,2309.1,2261.8,2236.6,2220.5,2270,2257,2267.1,2247,2226.9,2223.1,2239.5,2242.1,2222.7,2241.9,2258.9,2249.3,2251,2229.8,2216.4,2205.6,2206.3,2205.5
JIOFIN,298.1,299.3,301.95,304.9,309.5,310.7,314.9,312,305.95,304.45,308.35,303.55,299.85,300.8,308,306.45,306.2,304.75,304.85,301,302.25,303.75
PCBL,355.2,347.75,348.9,348.65,348.5,345.75,339.4,348.25,341.95,335,332.85,332.05,325.3,326.2,329.25,327.3,325.15,324.1,316.9,320.7,315.65,313.9
LAURUSLABS,979.8,982.15,1001.05,985.7,989.25,997.05,999,1021.85,1006.9,987.5,987.1,978.2,979.55,977.55,986.6,1003.2,1031.35,1029.4,1020.2,1016.5,1013.5,1026.1
INDHOTEL,697,691.3,703.8,697.75,706.95,717.7,720.8,722.3,712.75,719.55,733.35,733.2,721.15,726.5,731.4,735,744.3,749.05,742.5,734.6,729.55,730.9
DEEPAKFERT,1429.1,1426.4,1391.2,1365.4,1393.2,1419.8,1411.6,1443.5,1412.7,1449,1446.4,1418.5,1364.1,1377.2,1391.7,1378.3,1368.7,1357.5,1320.7,1309.8,1320.7,1292.6
HDFCBANK,984.65,982.3,984.5,991.7,989.5,986.65,989.6,996.55,992.45,994.6,1008.85,998.05,999.15,989.8,1003.9,1009.5,1007.6,1002.1,989.8,1000.5,997.2,1003.3
HDFCBANK,984.65,982.3,984.5,991.7,989.5,986.65,989.6,996.55,992.45,994.6,1008.85,998.05,999.15,989.8,1003.9,1009.5,1007.6,1002.1,989.8,1000.5,997.2,1003.3
FACT,10.34,10.4,10.35,10.36,10.38,10.36,10.35,10.37,10.38,10.38,10.38,10.38
HYUNDAI,2353.4,2326.2,2356.2,2356,2395,2415.2,2356.1,2378.6,2389.8,2421.1,2337.3,2335.9,2304.4,2300.8,2306.7,2315.5,2326,2395.7,2382.5,2385.2,2372.8,2309.5
CASTROLIND,190.36,191.1,191.12,191.57,190.21,192.25,192.5,193.47,191.23,190.87,190.68,189.02,194.01,191.64,192,191.27,192.25,191.13,191.5,192,191.28,191.23
KPRMILL,1080.6,1070.9,1043.6,1094.2,1089.3,1089.7,1078.4,1086.3,1121.6,1109.7,1094.7,1087.9,1107.9,1079,1095.7,1081.4,1079.5,1043.1,1027,1006.2,982.5,981.6
BIOCON,385.2,380.4,382.15,385.1,405.9,417,411.15,420.95,421.6,410.1,395.15,396.85,395.25,393.25,398.45,399.65,398.35,394.5,399,410,388.35,392.65
FSL,16.5,16.52,16.54,16.54,16.54,16.53,16.53,16.53,16.52,16.56,16.56,16.55,16.51,16.52,16.52
MFSL,1584.2,1618.1,1619.1,1635.5,1718.8,1707.4,1673.4,1698.3,1679.8,1668,1692.6,1661.5,1679.6,1697.9,1736.7,1728.4,1702.1,1713.4,1691.8,1664.8,1689.4,1690.2
BANDHANBNK,152.93,153.71,152.5,150.94,155.85,154.13,154.59,154.78,153.16,152.88,151.22,149.11,149.91,149.63,151.18,149.64,150.36,150.05,149.78,146.78,146.12,140.08
GUJGASLTD,400.95,399.25,403.45,404.2,408.05,410,403.4,409.8,405.3,402.5,402.05,398.75,401.55,398.85,400.75,402,396.15,396.6,403.25,412.9,409.3,406.55
REDINGTON,289.95,292,287.5,288.3,294.8,296.5,294.7,296.4,290.4,293.95,295.05,284.8,291,288.05,287.5,283.55,281.1,282.15,280.35,275.4,278.6,268.75
GNFC,490.3,490.65,492.3,493.35,519.45,516.35,504.5,500.95,497.7,493.85,491.75,492.3,487.9,485.15,489,496.55,497.95,502.35,501.6,504,503.45,502.7
TTML,54.55,54.45,53.98,54.01,54.38,53.98,54.02,53.69,52.49,51.92,51.48,50.91,50.66,50.8,50.82,52.94,51.84,52.23,51.83,50.73,50.32,49.14
TEJASNET,529.5,522.3,505.95,506.5,549.15,525.6,521.15,521,514.4,511.6,509.6,503.15,484,476.7,481.45,503.8,494.2,513.55,522,510.25,502.45,494.15
SJVN,85.93,84.85,84.23,82.24,82.74,82.13,83.44,83.38,82.13,82.05,81.84,81.03,79.39,77.88,78.57,78.88,77.86,77.84,77.37,75.99,75.38,74.07
DEEPAKNTR,1732.5,1720.6,1721.2,1725.2,1726,1722.1,1741,1730.3,1706.5,1711.4,1704.3,1691.8,1625.3,1580.5,1569.5,1559.6,1558.6,1545.8,1524.6,1522.7,1533.8,1569
ONGC,251.5,252.2,251.4,249.45,253.85,250.85,247.6,248.05,246.95,249,248.05,246.95,245.75,245.35,247.7,244,243.25,244.83,243.54,240.02,242.23,241.23
ZEEL,99.81,98.8,97.58,98.78,103.41,100.14,100.48,100.09,99.64,99.01,98.37,98.06,98.25,97.01,97.83,98.09,101.47,100.12,97.85,99.74,97.84,97.5
M&MFIN,311.9,313.25,313.5,317.75,309.35,309.85,308.65,314.2,322.9,329.85,346.6,342.55,357.55,360.35,349.85,363.65,371.85,367.9,365,355.5,347,367.55
MARUTI,15452,15479,15583,15645,15696,15749,15684,15878,15930,15768,15801,15977,15958,15889,16156,15903,15900,16097,16239,16082,15994,16282
MARUTI,15452,15479,15583,15645,15696,15749,15684,15878,15930,15768,15801,15977,15958,15889,16156,15903,15900,16097,16239,16082,15994,16282
BSOFT,372.95,378.25,374.45,382.65,397.1,395.9,388.7,390.85,379.85,391.3,388.8,381.4,384,380,386.6,383.05,380.2,385.45,404.95,422.75,435.9,432.75
NUVAMA,7308,7300,7468.5,7346.5,7351.5,7372.5,7339.5,7365.5,7319.5,7344,7336,7249.5,7053,6972.5,7313,7384.5,7462.5,7453,7269,7077.5,7078.5,7172.5
NTPCGREEN,99.63,98.96,97.92,98.01,98.83,99.11,98.48,99.18,98.26,98.18,97.5,97.13,95.3,94.75,94.55,95,94.95,94.83,92.88,91.74,91.18,91.21
POLYMED,1896.9,1893.8,1862.3,2063.4,2025.3,1958.9,1943,1943.7,1899.3,1893.2,1879.1,1876.9,1925.5,1908.8,1899.4,1967.4,1939.1,1932,1925.2,1916.9,1910.8,1899.1
RBLBANK,325.6,328.25,324,320.4,319.55,315.45,318.65,316.7,314.05,309.6,313.65,312.45,308.3,308.25,317.5,311.75,312.4,307.05,302.25,304.3,298.45,305.8
NEWGEN,955.2,947.95,942.1,958.95,983.65,964.35,940.7,923.55,919.4,921,918.4,902,889.55,873.95,892.5,880.35,881.15,880.05,871.35,879.85,901,879
ASIANPAINT,2602.9,2613.8,2650.4,2657.2,2769.8,2879.4,2906.4,2887.9,2906,2893.7,2859.8,2876.6,2879.2,2875.8,2874,2879.1,2874.4,2867.6,2954.4,2953.5,2957.2,2968.5
EMAMILTD,523,514.1,525.75,525.45,526.25,522.2,520.35,522.15,519.2,511.1,519.2,513.3,506.8,515.55,514.05,527.8,530.5,525.7,522,520.8,516.55,525.3
CANFINHOME,877.6,880.75,881.8,895.55,884.2,865.1,884.65,892.85,906.8,890.3,881.6,884.95,890.2,883.3,889.85,885.45,884.55,909.3,903.7,890.3,892.75,900.8
PIIND,3750.1,3758.3,3820.5,3786.8,3588.9,3572.5,3560.5,3542.6,3458.3,3439.9,3441.1,3427.4,3425.1,3448.5,3438.1,3432.2,3395.6,3388.9,3374,3374.6,3409.7,3396.1
GODREJIND,1085.8,1075.1,1060.7,1070.1,1067.7,1063.3,1063.7,1075,1056.4,1060.3,1048,1049.4,1017.8,1022.3,1055.6,1047,1051.6,1052.2,1045.1,1037.3,1000.8,1014
TRIVENI,357.25,360.5,364.75,362.65,371,364.35,365.1,364.8,363.7,364.45,361.25,361.65,354.1,355.2,356.5,363.15,355.85,350.6,350.35,356.85,353.85,350.5
TATASTEEL,177.27,181.37,181.48,181.04,178.61,176.65,174.26,173.17,172.45,173.21,172.46,168,165.36,166.33,169.67,168.13,167.96,168.63,167.78,166.92,166.77,167.11
JYOTICNC,895.5,886.15,905.7,952.2,988.9,949.4,955.35,972.4,982.45,976.9,992.15,992.15,1039.4,1038.9,1041.75,1039.35,1010.25,983.9,989.3,961.3,961.7,950.5
INDIGO,5693,5583.5,5588.5,5782.5,5795.5,5905.5,5908.5,5873,5739.5,5758.5,5785.5,5843.5,5805.5,5775,5913,5919,5901.5,5794,5697.5,5595.5,5436.5,5370.5
TARIL,404.5,391.9,313.55,282.2,296.65,289.3,318.2,333.35,307.9,303.3,313.15,304.75,287.55,298.85,291,283.35,271.05,264.5,259.45,247.85,244.4,236.9
TORNTPOWER,1273.2,1281.2,1312.2,1336.8,1292.8,1293.6,1301,1310,1313.1,1300.8,1313.9,1291.4,1302.3,1293,1316.1,1312.9,1314.5,1307.4,1313.3,1302.2,1299.7,1289.9
CAMS,747.96,759.06,763.48,767.68,792.8,788.8,787.6,792.86,789.16,785.8,802.9,789.62,781.36,778.88,786.76,778.88,774.06,781.62,770.16,771.92,791.34,775.7
BAYERCROP,4744.7,4591.9,4642.7,4499.8,4506,4521.9,4476.2,4558.4,4553.5,4557.9,4576.2,4544.6,4535.2,4607.5,4587.5,4572.4,4658.4,4607.8,4606.2,4507.3,4506,4495.1
BPCL,367.95,367.15,365.15,374.15,375.45,374.95,371.15,374.25,371.85,365.65,365.05,364.55,359.65,355.85,367.65,364.7,359.1,354,358.75,358.4,356,360.3
IRCON,163.54,163.6,162.94,164.37,166.45,161.13,163.27,168.49,167.9,166.28,165.21,162.3,160.25,160.83,161.81,162.48,160.92,159.47,157.87,155.16,154.15,151.58
DIXON,15079,14849,14867,15094,15307,15323,15419,15641,15697,15540,15313,14965,14669,14401,14825,14643,14601,14566,14494,14018,13707,13749
KFINTECH,1062.1,1111,1081.6,1094.1,1100.3,1083.1,1084.1,1088.6,1089,1081.9,1080.4,1065.1,1045.5,1050.4,1070.5,1065.5,1056.3,1096.2,1083.4,1071.4,1075.5,1066.4
APLAPOLLO,1785.7,1800.5,1799.1,1791,1796.4,1765.4,1763.3,1777.7,1763.8,1720.9,1721.2,1727.8,1716.2,1698.4,1732.8,1734.9,1718.9,1734.3,1734.6,1752.1,1772.9,1771
LTF,275.2,303.6,300.9,295.05,294.9,292.2,294.15,299.4,296.5,297.65,292.3,288.7,292.55,296.9,307.6,308.25,312.35,309.15,306.05,302.8,300.45,309.6
EIDPARRY,1040.7,1024.6,1025.2,1017,1047.4,1044.9,1025.4,1051.1,1027.8,1030.4,1029,1018.4,1017,1025.8,1032.6,1029.9,1030.9,1017.5,1042.2,1035.6,1034.4,1032.8
CONCOR,519.35,521.7,521.35,522.9,530.45,523.9,518.85,518.15,522.6,517.55,515.4,511.2,514.95,512.5,518.6,514.05,511.25,505.8,503.4,506.5,512.7,511.05
TATAPOWER,391.75,393.2,395.85,395.6,388.65,388.8,388.4,392.75,386.25,389.1,388.1,387,382.55,380,391.5,392.05,390.1,389.75,388.45,383.65,384.45,384.5
MASTEK,2113.3,2099.6,2158,2202.4,2255.4,2245.5,2235,2336.4,2286.6,2301.5,2285.8,2268.8,2248.8,2229,2236.8,2214.5,2213.7,2191,2201.9,2174.2,2169.7,2157.1
SUNTV,548.9,554.25,554.9,558.8,564.1,564.1,563.05,571.15,559.05,559.95,537.1,536.65,542.15,542.9,548.05,566.85,555.65,553.55,562.8,551.6,553.75,548.6
GVT&D,3000.5,3073.2,3097.5,3121.9,3127.6,3122.2,3035.3,3036.3,2996,3044.2,3069.2,2902,2863.9,2855.5,2984,2897.1,2881.4,2801.3,2852.1,2900.2,2805.1,2768.8
MARICO,713.15,711.6,719.25,713,720.95,722,738.7,760.7,756.45,748.15,736.15,739.9,735.95,731.35,734.1,727.4,717.4,718.95,717.35,710.65,714.65,736.65
ABCAPITAL,327.05,338.1,333.55,329.35,329.6,331.8,331.4,334.8,333.1,330.65,327.85,325.65,331.85,345.45,349.8,351.75,358.05,356.1,355.75,350,349.4,358.75
BBTC,1901,1901.5,1935.9,1907.6,1890.2,1873.3,1830.7,1842.8,2022.7,1974.1,1919.4,1862.3,1861.2,1828.7,1842,1838.5,1834.9,1837,1811.7,1882.5,1857,1850.5
ROUTE,705.65,696.6,682.4,672,707.75,712.55,692.05,689.25,692.95,680.55,678.6,669.9,642,668.15,662.05,663.6,666.8,665.85,668.2,704.3,718,680.55
INDIAMART,2473.1,2447.5,2451.8,2452,2504.5,2477.1,2451.4,2475.5,2446.2,2413.3,2391.8,2341.8,2307.5,2359.5,2339.5,2323.1,2310,2330.8,2326.1,2329.5,2292.3,2312.4
PRESTIGE,1725.2,1738.6,1750.7,1758.6,1701.2,1755.2,1744.9,1753.2,1722.3,1717.3,1717.2,1688.5,1631.3,1655.9,1667.8,1669.5,1677.3,1659.2,1652.5,1642.2,1659.2,1689.7
CRISIL,4799.8,4723.4,4714.4,4717.8,4652.7,4613.7,4639.2,4718.8,4645.2,4637.2,4588.1,4521.9,4538.4,4463.8,4532.5,4440.2,4423.7,4494.1,4395.2,4452.5,4426,4449.3
MUTHOOTFIN,3183.8,3230,3328.2,3389.3,3324.9,3393.1,3725.6,3760.5,3695.9,3701.7,3697.5,3636,3614.4,3681.4,3725.6,3760.5,3744.2,3811.1,3779.9,3763.4,3702,3800.1
BHARTIARTL,2094.9,2001.2,2019.8,2042.3,2073.8,2091.8,2100.7,2112.2,2149.2,2159.8,2158.3,2162.7,2152.1,2161.6,2126.8,2115.6,2101.6,2089.7,2104,2086,2103.8,2108.8
BHARTIARTL,2094.9,2001.2,2019.8,2042.3,2073.8,2091.8,2100.7,2112.2,2149.2,2159.8,2158.3,2162.7,2152.1,2161.6,2126.8,2115.6,2101.6,2089.7,2104,2086,2103.8,2108.8
BLS,319.4,313.95,315.45,308.5,336.7,322.3,328.55,324.9,323.9,322.8,321.95,321.2,315.9,312.95,313.75,321.2,329.75,332.25,323.65,325.5,331.55,332.75
EICHERMOT,6806.5,6886,6866.5,6873,6879,6855,6695,6799,6814.5,6896.5,7125.5,7134.5,7258.5,7218.5,7198.5,6999,7053.5,7125.5,7112.5,7081.5,7100,7208
GICRE,373.95,379.15,378.4,384.75,386.9,391.8,393.05,395.1,393.45,388.05,385.1,380,378.05,382.15,392.5,384.75,387.2,388.3,387.75,386.3,384.4,381.85
ABREL,1810,1769.3,1735.7,1753.2,1776.4,1745.8,1744.6,1752.9,1748.7,1805.3,1776.1,1741.5,1716.2,1733.7,1773.3,1745.8,1773.6,1769.8,1747.7,1767.9,1777,1750.3
ANANTRAJ,623.3,619.85,627.65,614.85,620,615.4,616.1,633.4,621.25,617.55,618.8,610.45,570.75,594.4,605.1,587.55,576.45,572.7,555.7,553.35,540.35,526.3
ANANDRATHI,3104.4,3121.5,3121.3,3084.9,3097.7,3073.8,3022.3,3034.9,2945.6,2941.5,2870.4,2855.9,2864.8,2888.8,2895.6,2889.6,2888.9,2924.9,2924.8,2909,2934.2,2897.9
UNITDSPR,1416.5,1429.1,1409.5,1414.5,1435.6,1420.8,1429.4,1434.9,1434.7,1411.7,1416.2,1427.1,1431.2,1430.4,1459.5,1445.8,1451.6,1447.1,1440.9,1421.3,1431.9,1455.6
PPLPHARMA,199.33,199.15,195.45,194.22,195.64,193.84,194.03,195.47,192.13,188.8,189.64,188.38,186.33,184.87,187.38,186.4,187.21,184.87,185.27,182.05,180.85,179.85
IFCI,54.16,54.23,54.59,54.06,55.33,54.67,54.72,55.14,53.91,53.46,53.29,52.52,50.45,50.28,51.78,51.33,50.94,51.37,50.99,50.28,49.73,49.38
INOXWIND,150.06,149.45,151.62,151.77,150.53,148.56,148.69,146.11,140.92,139.68,138.08,137.77,135.81,134.7,136.75,134.07,134.5,133.08,133.29,130.12,129.84,130.24
BASF,4395.4,4448.6,4501.2,4497.9,4493.5,4522.3,4413.2,4383.6,4319,4410.3,4368.8,4395.3,4244.2,4228.2,4199.2,4171.2,4156.8,4116.6,4108.7,4082.6,4063.5,4045.7
ATUL,5760.5,5691,5715,5757,5862,5886,5916.5,6016.5,6146,6139.5,6060,5971,5920.5,5971.5,5939,5924.5,5874,5794.5,5783.5,5773.5,5756,5865.5
APOLLOHOSP,7782,7642,7529.5,7501,7498,7440.5,7420.5,7487.5,7385.5,7459,7423,7391,7354.5,7330.5,7393,7322.5,7335.5,7287.5,7242,7184,7201,7189.5
CGCL,197.5,196.49,198.97,197.46,199.65,197.59,198.35,196.54,195.64,195.02,193.72,190.67,190.74,188.1,188.65,191.05,188.14,190.27,189.59,187.85,187.67,188.99
INFY,16.18,16.5,16.76,17.01,17.09,16.96,16.65,16.77,16.95,17.31,17.13,17.7,17.27,17.28,17.42,17.48,17.45,17.41,17.66,18.29,18.07
INFY,16.18,16.5,16.76,17.01,17.09,16.96,16.65,16.77,16.95,17.31,17.13,17.7,17.27,17.28,17.42,17.48,17.45,17.41,17.66,18.29,18.07
IDBI,97.26,100.42,98.99,98.81,99.97,98.22,101.04,102.28,102.52,104.62,102.8,100.24,98.93,101.2,101.95,101.19,100.38,100.13,99.76,97.65,97.64,97.4
ICICIBANK,1320.4,1343,1348,1358.3,1358.9,1385.9,1373,1379,1373.4,1383.1,1383,1369.5,1368.4,1357.8,1375,1392.2,1388.8,1390.1,1373,1391.5,1386.7,1392.5
ICICIBANK,1320.4,1343,1348,1358.3,1358.9,1385.9,1373,1379,1373.4,1383.1,1383,1369.5,1368.4,1357.8,1375,1392.2,1388.8,1390.1,1373,1391.5,1386.7,1392.5
POLICYBZR,1757.4,1783.8,1798.5,1796.4,1786.3,1734.7,1738.6,1815.7,1800.3,1850.7,1843.9,1810.8,1781.3,1765.9,1787.1,1808.7,1818.9,1863.6,1866.3,1839.1,1854.3,1893.8
AUBANK,881,908.7,914.6,889.4,882.05,886.7,890.6,912.7,920.15,925.65,919.3,915.35,925.1,944.05,953.75,947.15,955.25,950.5,953.05,948.7,948.75,960.7
IRB,44.87,44.49,43.42,43.24,43.29,42.35,42.96,44.54,44.11,43.96,43.97,43.67,43.2,43.28,43.28,43.2,42.91,43.11,42.79,42.97,43.01,42.8
JUBLPHARMA,1160.9,1127.2,1138.4,1117.7,1139.8,1126,1131.4,1158.9,1135.2,1108,1080.1,1057.8,1076.5,1087.8,1105.2,1100.8,1089.7,1108.6,1098.4,1080.5,1067.5,1077
USHAMART,464,472.45,481.3,469.5,467.6,448.15,459.55,449.9,452.45,448.9,438.9,432.3,416.9,412.55,425.55,421.35,427.9,422.85,426.25,424.2,436.15,432
BANKBARODA,286.35,289.05,287.7,285.85,285,283.25,286.75,287.95,288.45,293.3,288.25,284.15,281.9,287.25,288.4,287.9,289.8,295.55,296.9,287,288.2,292.6
CHOLAFIN,1683.4,1703.9,1754.4,1741.8,1718.8,1710.6,1714.6,1699.7,1695.3,1678.1,1703.2,1659.7,1651.7,1685.4,1712.9,1724.6,1736,1724.9,1711.6,1668.9,1675.7,1730.4
RECLTD,362.7,364.95,362.4,362.05,362.25,359.05,358.05,361.4,359.05,359.45,361.4,358.2,355.85,351.75,356.4,362.25,360.9,358.2,357.45,350.3,352.75,353.3
UCOBANK,31.95,32.52,32.27,31.44,31.13,30.8,30.72,31.28,31.55,31.85,31.05,30.7,30.69,30.64,31.11,31.03,30.78,30.79,30.6,29.95,29.67,29.46
PVRINOX,1142.9,1153.2,1128.8,1127.9,1099.4,1092.3,1083.3,1107.2,1113,1114.7,1099.5,1095.3,1078.7,1049.6,1085.1,1067.6,1067.9,1096.4,1105.2,1129.7,1097.4,1091
HINDPETRO,473.15,479.55,482,487.9,484.9,486.05,481.25,486.5,483.55,477.15,477.9,471.9,463.05,455.25,466.25,463.4,457.5,451.95,450.45,450.7,447.95,450.35
RELIANCE,1496.1,1478,1489.3,1493.4,1511.5,1510.9,1518.9,1518.3,1519.4,1518.9,1549.1,1546.6,1535.9,1539.7,1569.9,1563.4,1567.5,1566.1,1546.3,1538.8,1535.6,1540.6
RELIANCE,1496.1,1478,1489.3,1493.4,1511.5,1510.9,1518.9,1518.3,1519.4,1518.9,1549.1,1546.6,1535.9,1539.7,1569.9,1563.4,1567.5,1566.1,1546.3,1538.8,1535.6,1540.6
IRCTC,703.35,704.15,704.35,710.7,715.85,709.9,705.3,713.05,703.8,705,703,690.4,684.9,677.5,688.5,687.85,686.7,684.3,679.95,674.5,673.85,675.2
KOTAKBANK,2083.2,2088.3,2092.7,2086.9,2084.5,2075.2,2079.7,2102.9,2093.1,2105.9,2098.7,2087.8,2087.3,2069.9,2103.8,2110.2,2124.4,2147.6,2142.4,2146.1,2135.4,2154.9
KOTAKBANK,2083.2,2088.3,2092.7,2086.9,2084.5,2075.2,2079.7,2102.9,2093.1,2105.9,2098.7,2087.8,2087.3,2069.9,2103.8,2110.2,2124.4,2147.6,2142.4,2146.1,2135.4,2154.9
LICHSGFIN,570.15,571.2,571.7,571.5,572.8,567.9,567.7,571,567.55,563.6,554.8,545.9,545.95,548.1,555.8,550.25,549.1,550.65,554.65,549.4,546.95,541.8
IRFC,120.25,121.36,120.77,121.61,121.59,120.75,121.01,122.5,120.82,120.85,120.08,119.09,116.9,116.74,118.08,117.96,117.57,117.09,116.42,114.71,114.85,114.6
PEL,#N/A
RAYMOND,563.45,557.05,551.25,545.65,537.65,531.65,522.35,514.3,500.9,507.35,509.1,496,466.85,487,490.35,485.7,482.75,478.25,476,468,466.45,455.3
HDFCAMC,2694.25,2716.25,2748,2740,2742.75,2738.75,2706.5,2719.25,2698.25,2696,2699.5,2696.75,2685.5,2668.25,2679,2680,2673,2648.8,2599,2596.2,2596,2577.5
LT,3881.6,3882.5,3918.5,3955,3954.6,4002.5,4004.4,4027.7,3999.6,4019.6,4037.4,4024.9,4013.3,3996.7,4062,4081.3,4069.6,4073.2,4030.5,3988,3983.6,4038.2
LT,3881.6,3882.5,3918.5,3955,3954.6,4002.5,4004.4,4027.7,3999.6,4019.6,4037.4,4024.9,4013.3,3996.7,4062,4081.3,4069.6,4073.2,4030.5,3988,3983.6,4038.2
ZENTEC,1377.2,1358.8,1361.3,1384.5,1390.3,1367.6,1434.4,1449.4,1399.4,1401.7,1445.8,1412.6,1382.8,1397.4,1406.8,1407.8,1406.7,1395.6,1392.2,1380.1,1374.7,1388.7
ASAHIINDIA,921,934.8,946.1,967.85,969.55,971.15,969.35,998.5,1001.5,987.4,997.35,983.35,1052.65,1029.25,1028.3,1024.1,1020.7,1057.9,1066.4,1043.3,1051.9,1027.1
SCI,80.25,80.59,80.13,80.74,80.23,79.85,79.67,79.01,79.64,79.03,78.49,79.87,77.88,78.35,79.03,79.43,78.68,77.9,76.64,76.02,75.9
AFCONS,443.75,442.05,436.7,416.75,422.4,415.05,407.65,402.8,396.1,388.95,398.6,390.55,401.35,402,405.3,411.1,404.1,409,414.65,402.8,400.3,398.9
FIVESTAR,624.3,646.1,634.3,625.25,615,642.35,643.9,631.7,623.95,609.7,593.5,619.4,615.45,605.95,605,589.7,590.9,585.95,584.25,573.45,589.95,580.65
ICICIPRULI,603.75,615.35,614.8,624.7,632.95,630.1,629.45,630.6,626.8,613.95,618.4,610.9,607.35,612.25,621.9,625.25,619.75,621.55,616.55,611.25,615.35,626.05
SIGNATURE,1075.5,1058.2,1021.4,1041.9,1065.4,1102.4,1112.4,1110.6,1110.2,1112,1124.8,1116.8,1107.8,1111.7,1132.8,1122.7,1112.9,1132.4,1126.3,1119.4,1118.5,1123.8
PETRONET,275,278.5,277.65,277.55,280.45,278.9,273.6,276.05,274.85,274.25,274.35,275.15,271.4,272.15,275.1,273.95,271.85,271.9,271.1,268.75,280.95,274.8
CENTRALBK,38.11,38.96,38.97,37.68,37.78,37.45,37.91,38.85,38.92,39.43,38.64,38.04,37.81,38.34,38.75,38.73,38.37,38.44,38.18,37.28,37.06,36.89
PFIZER,5067.5,5075,5140,4997,5015.5,5043.5,5074,5061.5,5010,5002,5028.5,5000.5,4968.5,5000,4985,4989.5,4975,4966.5,4994.6,4972.5,5001,5000
IREDA,148.56,149.37,148.71,149.04,150.93,149.29,149.61,150.71,148.08,147.1,146.64,144.41,142.49,141.36,144.35,143.76,142.9,142.48,140.18,136.84,136.75,133.4
FINCABLES,769.95,766.55,793.55,786.15,788.4,789.3,783.05,793.15,785.15,775.7,767.45,758.1,747.85,753.4,756.4,753.65,749.15,750.4,744.85,741.8,740.65,736.55
NTPC,326.65,326.1,325.45,326.65,327.15,326.95,328.45,330.2,328.45,326.6,326.6,326.65,323.45,323.7,326.1,327.35,326.45,327.1,328.6,322.95,322.95,323.3
KPITTECH,1159.2,1153,1192.9,1212.5,1244.3,1238.7,1222.2,1216,1195.1,1203.1,1196.6,1168.9,1198.2,1172,1194.9,1218.9,1222.4,1258.2,1253.5,1258.7,1269.8,1267
SUPREMEIND,3845.1,3831.2,3866.5,3874.2,3914.3,3832,3709.8,3625.7,3618.4,3591,3568.7,3475.3,3432.5,3427.3,3463.9,3416.9,3391.6,3334.5,3332.1,3297.4,3341.1,3371.1
GPIL,269.4,274.65,272.3,275.2,268.4,263.25,276.7,276.1,265,255.7,250,241.7,239,236.9,237.2,235.2,235.2,237.63,236.23,238.08,235.9,232.94
CUMMINSIND,4316.1,4291.8,4349.2,4414.2,4395.4,4366.2,4283.2,4381.2,4252.4,4261.3,4375.7,4333.8,4299,4311.3,4408.2,4449.4,4479.3,4544.2,4514.5,4514.1,4459.3,4468.9
UTIAMC,1202,1209,1201.4,1173.5,1167.7,1175.8,1163,1172,1174.6,1149,1150.2,1149.7,1145.2,1140.6,1155.8,1144.4,1141.1,1151.4,1149.3,1131.4,1144.2,1122.2
KAYNES,6358.5,6225,6482,6455.5,6433.5,6376.5,6332,6237,5889,5974,5967.5,5883.5,5826,5777.5,5796.5,5573.5,5490,5358.5,5408.5,5307,4978,4353.5
MAHABANK,57.42,59.62,58.3,57.09,57.57,56.96,58.01,59.91,60.43,61.14,59.77,58.68,58.22,59.61,59.95,59.45,58.56,57.65,57.57,56.64,56.95,56.98
KANSAINER,248.18,246.32,245.82,243.85,245.53,249.34,248.8,247.69,246.97,244.87,239.78,232.8,231.99,231.02,234.01,236.73,236.49,232.11,230.65,232.67,229.66,228.11
GODREJPROP,2193.7,2142.7,2167.7,2158.5,2193.8,2206.1,2195.8,2184.6,2150.8,2130.4,2123.8,2090.9,2046.4,2094,2114.4,2096.3,2114.6,2096.5,2097.7,2067.8,2079.6,2082.4
SBIN,960.75,955.85,951.15,953.3,957.15,954,967.85,973.35,972.45,982.75,981.55,972.6,970.6,983.6,983.9,972.85,979,973.1,967.3,951.05,948.1,971.5
SBIN,960.75,955.85,951.15,953.3,957.15,954,967.85,973.35,972.45,982.75,981.55,972.6,970.6,983.6,983.9,972.85,979,973.1,967.3,951.05,948.1,971.5
CONCORDBIO,1411.4,1394.9,1439.2,1453.5,1463.2,1458.8,1499.2,1502.3,1501.3,1448.7,1440.4,1427.7,1411.7,1402.2,1439.8,1428.9,1417.6,1432.9,1437.6,1405,1401.6,1408.4
BHARATFORG,1319.7,1317.1,1328.4,1402.1,1389.2,1388.8,1396.7,1383.7,1396.6,1446.2,1435.4,1410.2,1412.2,1409.7,1431.3,1433.4,1433.8,1433,1421.4,1406.7,1394.3,1406
SUNPHARMA,1685.9,1691.4,1697.8,1716.1,1732.1,1737.4,1757.1,1763.9,1758.8,1784.1,1777.4,1779.7,1780.8,1776.8,1804.9,1810.3,1831.6,1807.4,1799.5,1806.7,1818.3,1805.3
SUNPHARMA,1685.9,1691.4,1697.8,1716.1,1732.1,1737.4,1757.1,1763.9,1758.8,1784.1,1777.4,1779.7,1780.8,1776.8,1804.9,1810.3,1831.6,1807.4,1799.5,1806.7,1818.3,1805.3
COALINDIA,373.15,376,381.35,382.8,386.5,383.2,386.95,387.85,383.95,379.05,379.65,378.2,372.55,370.05,377.35,378.05,376.15,379.65,378.95,375.25,379.05,379.95
GODREJCP,1146,1121.8,1126.7,1138.4,1135.9,1133.4,1146.5,1152.3,1142.1,1139.9,1127.3,1125.2,1111.4,1144.5,1154.2,1144.6,1145.6,1129.4,1132.1,1120.7,1132.6,1136
GODIGIT,355.5,360.35,359.25,355.05,355.75,353.65,349.2,354.35,352.5,354.75,354.7,349.85,354.7,355.85,356.9,358.3,358.15,355.25,346.45,344.9,346.25,347.65
AIAENG,3318.6,3256.2,3445.7,3566.7,3603.2,3709,3693,3760.4,3711.6,3733.4,3839.6,3698.7,3734.6,3825.5,3763.1,3835.4,3862.6,3854.1,3858.3,3895.3,3843.8,3765.8
POWERGRID,270.2,272,268.2,267.65,267.1,269.85,271.3,273.55,274.2,275.15,277.2,277.6,275.8,273.45,275.05,273.7,269.95,269.65,267.45,268.45,269.1,269.8
POWERGRID,270.2,272,268.2,267.65,267.1,269.85,271.3,273.55,274.2,275.15,277.2,277.6,275.8,273.45,275.05,273.7,269.95,269.65,267.45,268.45,269.1,269.8
PHOENIXLTD,1744.8,1773.3,1760.9,1736.7,1732.2,1714.8,1736.4,1745.6,1724.1,1715.1,1715.7,1698,1677.9,1731.7,1751.7,1741,1736.8,1729.9,1731.2,1721.2,1734.1,1725.1
CIPLA,1501.5,1505.7,1511.5,1514.9,1519.3,1525.8,1532.1,1535.6,1514.5,1526.8,1529.2,1511.8,1504,1507.5,1523.8,1525.2,1531.3,1523.1,1516.6,1508,1521,1520.8
NAUKRI,1326.8,1345.4,1342.4,1341,1376.4,1347.3,1323.5,1332.2,1324.9,1362.2,1365.4,1340.4,1346.3,1332,1341.5,1339.4,1330.2,1365.1,1386.6,1377.2,1396.2,1388.7
ALOKINDS,17.3,17.13,17.11,17.13,17.2,17.26,17.31,17.3,17.06,17.26,17.17,17.01,16.67,16.6,16.87,16.98,16.92,16.71,16.66,16.48,16.36,16.19
NATCOPHARM,800.5,802.5,798.8,792.95,822.35,826.15,812.65,820.9,814.55,830.15,869.3,864.8,841.25,834,927.4,882.75,877.25,903.2,932.55,935.4,949.25,933.6
ALIVUS,890.5,915.05,920.6,913.6,909.05,903.8,904.7,946.75,923.95,907.75,909.9,903.85,898.25,884.75,903.5,900.8,898.5,904.6,886.3,874.05,872.05,883.75
FEDERALBNK,235.83,237.26,238.46,235.89,238.94,235.79,236.26,239.06,244.51,246.02,244.93,245.06,248.17,255.99,256.37,254.87,257.92,256.6,258.45,258.25,258.65,259.2
TATACHEM,872.85,858.1,840.45,842.3,852.35,841.5,832.75,834.45,826.7,819.4,818.9,810,804.1,803.9,815,808.25,800.4,795.4,789.8,783.1,782.1,774.05
COROMANDEL,2150.1,2146.4,2166.1,2177.9,2184.8,2210.2,2202.7,2212.4,2232.6,2240.7,2264.4,2262.8,2301,2304.1,2298,2366.7,2382.1,2392.3,2343.2,2318.1,2303.5,2300.3
HAPPSTMNDS,500.45,494.6,503.6,504.2,505.6,503.15,504.85,502.2,505.2,506.05,500.2,496.9,506.9,497.85,500.65,497.25,498.85,497.25,493.65,497.15,511.05,504.7
ALKEM,5643.5,5668.5,5679.5,5696.5,5767.5,5725.5,5722.5,5723,5713,5724,5700,5700,5625,5701,5773,5686.5,5685,5609.5,5638.5,5647.5,5659,5675.5
HAL,27.33,27.57,27.71,28.06,26.93,27.02,27.3,26.62,26.79,26.46,25.62,25.82,25.67,25.69,25.79,26.22,26.63,26.91,27.4,27.83,28.45
SARDAEN,527.4,534.85,542.7,527.6,525.55,514.25,518.05,521.65,509.15,503.95,504.35,490.05,472.75,489,485,487.85,489.5,500.45,492.6,482.8,480.75,475.85
GMRAIRPORT,94.45,95.66,95.65,95.49,95.5,95.49,95.67,97.68,103.72,102.92,103.27,104.05,103.76,104.21,106.76,106.69,108.35,107.64,106.63,105.35,103.06,103.51
BRITANNIA,6013.5,6157.5,6133.5,5950.5,5880,5851.5,5803.5,5830.5,5840,5874.5,5819,5813,5815.5,5867,5880.5,5826.5,5846,5813.5,5875.5,5824.5,5876.5,5961
FINPIPE,182.29,185.26,188.79,187.61,186.21,187.14,188.04,187.03,185.09,183.43,179.95,181.73,182.82,185.12,184.51,180.71,178.73,176.31,174.82,172.26,170.48,169.13
TATAINVEST,766.25,781.25,781.6,778.7,776,777.3,779.2,775.25,767.5,762.35,759.05,750.85,736.65,726.55,766.6,758.55,745.75,744.5,732.6,723.9,715.5,708.5
ADANIPOWER,153.17,151.48,150.06,151.17,151.98,151.85,153.91,153.28,149.55,151.61,151.46,149.12,145.44,146.84,148.62,148.13,147.49,147.34,146.76,144.97,142.73,143.78
SYNGENE,620.6,616.3,630.2,644.9,663.85,662.1,654.4,652.15,643.1,634.85,634.6,629.25,639.7,642.05,646.85,640,648.3,645.45,637.3,636.2,642.35,639.8
CENTURYPLY,756.6,748.35,749.85,743.75,763.75,799.45,792.4,786.65,780.85,778,770.55,750.55,752.85,789.95,815.9,810.8,800.8,813.8,817.9,811.8,798.95,801.5
NAVA,595.35,573.1,542.8,558,545.15,542.75,549.25,551.4,546.9,535.85,543.3,529.65,506,515.45,527.9,525.7,522,516.9,518.9,526.9,529.6,526.4
RITES,244.85,242.49,243.07,247.76,249.04,245.25,246.32,252.5,251.39,249.69,247.61,246.83,245.32,236.64,239.53,238.15,237.03,230.69,230.12,231.63,229.26,229.46
POONAWALLA,462.9,463.6,458.55,468.45,489.3,478.95,469.2,469,465.5,468.6,468.45,470.2,456.4,459.75,469.35,465.6,480.3,484.75,475.35,462.5,463.95,470.65
NAVINFLUOR,6081,5969,5993.5,6024,6022.5,6038,6021.5,6003,6026.5,6023,5979,5973,5849,5782.5,5822,5735,5735.5,5750,5786.5,5828.5,5765,5772
NMDC,73.12,74.24,75.08,75.79,77.18,77.39,76.55,76.54,75.72,75.26,74.46,73.51,72.54,72.7,74.29,74.21,73.92,75.39,76.09,76.05,75.97,76.46
AIIL,2800.7,2800.1,2736.7,2739.7,2798,2854.1,2774.4,2783.8,2794.9,2726,2705.7,2671.6,2737,2624.8,2686.2,2743.8,2706.5,2641.1,2612.5,2600.9,2600.1,2641.3
KPIL,1304.4,1295.9,1276,1252.7,1263.2,1240.2,1253.2,1251.5,1213.7,1233.5,1230.7,1229.4,1199.6,1226.4,1225,1208.8,1199.7,1181.2,1189.5,1185.8,1169.2,1165.4
WELCORP,894.45,906.6,912.55,920.6,913.8,928.15,918.5,906.75,903.2,896.75,883.15,867.9,848.9,865.55,871.1,869.4,856.4,862,845.55,833.15,827.55,826.6
KARURVYSYA,246.71,249.12,247.64,245.81,250.02,251.84,249.6,252.78,253.39,253.7,248.03,247.07,243.52,247.95,251.84,251.33,247.97,253.83,250.74,249.3,247.03,248.15
CARBORUNIV,887.35,916.2,911.8,891.65,889.05,893.85,885.3,873.2,857.65,839.55,833.9,817.8,832.4,835.15,876.55,868.5,856.85,882,886.15,895.7,879.7,869.85
SCHAEFFLER,4122,4078.4,4106.4,4073.8,4165.5,4133.1,4086.1,4163.2,4140.5,4108.8,4054.5,3970.3,3974.4,3917.3,3899,3856.8,3899.4,3907.8,3888.2,3885.1,3889.8,3928.2
NESTLEIND,1266.1,1262.7,1262.9,1268.1,1278.2,1275.2,1271.6,1270.3,1265.1,1279,1279.2,1280.7,1269.2,1263.2,1276.8,1266.4,1261.1,1260.6,1258.9,1241.9,1242.4,1246.9
NESTLEIND,1266.1,1262.7,1262.9,1268.1,1278.2,1275.2,1271.6,1270.3,1265.1,1279,1279.2,1280.7,1269.2,1263.2,1276.8,1266.4,1261.1,1260.6,1258.9,1241.9,1242.4,1246.9
SAILIFE,922.3,875.45,907.05,897.25,890.35,870.7,871.95,879.85,863.35,865.05,873.9,861.35,883.75,874.65,880,876.45,884.4,874.7,877.45,871.95,867.5,875.9
MOTILALOFS,987.5,996.45,1002.1,988.9,996.65,990.65,991.3,984.4,972.1,967.55,952.4,947.8,946.4,945.9,959.65,926.15,959.45,956.7,955.15,922.2,916.2,885.1
SIEMENS,3083.5,3033.4,3054.4,3022,3056.6,3066.1,3084.2,3232.6,3249.5,3211.5,3216.3,3173.5,3163.9,3181.1,3318.8,3312.1,3297,3310.2,3361,3329.9,3362.5,3325.9
HINDALCO,788.4,790.4,785.2,793.75,794.4,811.95,803.65,807.15,797.15,790.95,799.8,777.7,774.65,789.35,800.8,807.55,808.4,810.8,806.85,816.3,810.8,823.25
CANBK,139.24,140.67,141.04,140.87,143.57,143.45,146.07,149.12,149,150.38,147.94,145.77,146.67,148.69,150.16,151.76,151.58,150.5,152.03,146.08,147.39,148.64
BATAINDIA,1050.7,1061.9,1049.5,1046.9,1057.5,1046.4,1027.1,1014.6,1014.8,1011.9,1009.4,1000.4,1005.7,1006.3,1000.3,1000.1,999.2,974,964.7,977.45,960.3,966.95
HOMEFIRST,1136,1132,1175.8,1174.5,1150.7,1168.1,1200.3,1230.3,1197.7,1191.8,1187,1170.5,1134.1,1120.2,1129.9,1106.2,1111,1109.1,1092,1090.7,1084.9,1094.1
BALKRISIND,2340.8,2321.6,2318.6,2341.5,2368.8,2338.3,2329.6,2361.8,2308.6,2317.6,2299.7,2319.5,2265,2304.8,2313,2300.4,2308.9,2300.1,2445.6,2408.6,2403.8,2383
JINDALSAW,166.92,164.5,170.73,172.89,172.16,171.25,169.13,168.93,165.4,166.87,166.63,163.8,162.04,162.21,167.02,166.72,162.77,166.65,163.95,165,164,161.6
GRANULES,552.25,554.65,550.15,535.45,542.45,556.3,548.2,561.7,561.45,553.95,550.8,544.2,532.85,545.9,545.9,548.95,556.1,568.75,570.2,568.3,566.4,560.85
360ONE,1068.2,1066,1074.6,1070,1089,1085.6,1065.4,1071.8,1078,1119.2,1142.1,1139.7,1129.8,1120,1150,1166.6,1183.2,1189.3,1162.9,1148.1,1127.9,1146.7
TRIDENT,28.06,28.05,27.92,28.13,28.92,28.77,28.21,28.45,28.38,28.56,28.59,28.38,28.06,27.82,28.37,28.18,28.24,28.08,27.91,28.12,27.98,27.83
AAVAS,1603.9,1574.1,1654,1619.2,1704,1736.4,1712.2,1690,1671.4,1643.1,1635.6,1632.2,1669.6,1618.7,1593.6,1576.6,1546.5,1516.3,1514.8,1465.7,1482.1,1497.1
FORTIS,1009.9,1020,992.7,986.9,969.4,953,937.7,944.1,928.1,922.9,935.4,921,922.2,920.4,932.9,922.1,919.1,904.85,915.75,898.25,888.55,888.55
RRKABEL,1398.4,1376.9,1345.4,1356.5,1400.6,1371.4,1373.2,1384,1348.2,1360.8,1368,1350.6,1347.6,1362.2,1389.5,1386.2,1403.3,1401.1,1401.5,1391.9,1395.1,1368.2
SBILIFE,1970.8,1998.9,1989.3,1997.3,1996.7,1987.9,2000.9,1996,1993.3,2004.8,2027.1,2022.5,2014.8,2031,2029.1,2004.5,1966,1971.6,1981.5,1972.8,2002.9,2023.7
KIRLOSENG,988.55,964.35,954.5,945.4,1058.65,1084.9,1092.05,1109.9,1141.6,1177.2,1181.45,1163.2,1130,1157.5,1147.85,1141.7,1124.85,1118.1,1113.6,1085.2,1165.1,1130.8
LTTS,4100.6,4089.2,4086.5,4103.6,4181.1,4156.8,4086.5,4105.4,4074.5,4440,4331.3,4265.4,4322.3,4262.8,4275.9,4385.2,4440.4,4444.7,4503.6,4513.1,4685.1,4546.4
MAXHEALTH,1125.4,1135.3,1098,1095.4,1103.6,1098,1103.1,1121.6,1116.7,1164.4,1168.9,1181.1,1155.8,1158.1,1162.6,1161.8,1162.8,1125.4,1117.5,1086,1083.9,1097.4
GSPL,305.55,299.5,301.6,300.75,298.1,301.35,302.15,303.95,299.65,297.9,300.8,298.2,297.5,294.55,294.8,294.4,287.5,290.6,298.45,301.3,295.45,293.3
TATACONSUM,1190.4,1167.2,1142.7,1156.2,1162,1154.8,1157.8,1178.9,1154.1,1162.1,1173.9,1183.1,1186,1177.7,1185.3,1177.7,1172.4,1163.8,1162.2,1140,1148.4,1162.9
SAPPHIRE,279,270.3,265.2,255.5,253,248.9,245.8,251.25,262.15,263.15,261.75,255,254.55,259.55,254.5,252.35,248.7,246.44,246.6,256.14,254.31,244.92
PNB,120.46,122.38,122.34,122.02,122.45,121.07,122.21,123,122.38,125.06,123.86,122.37,121.75,123.05,124.99,124.93,124.5,125.3,125.35,119.8,119.53,121.71
JSWENERGY,517.35,519.15,522.5,526.85,528.05,528.3,528.8,527.65,526.95,513.65,504.85,484.55,481,476.6,487.25,488,488.65,491.8,484.15,470.2,459.85,461.95
CAPLIPOINT,2004.4,1932.5,1943.2,1947.9,1946.1,1936.4,1925.5,1943.2,1914.9,1931.3,1920.5,1918.8,1919.2,1905,1918.5,1908.7,1910.8,1909.1,1919.4,1888.2,1976.1,1963.4
HFCL,74.69,74.87,74.22,78.3,76.86,75.69,75.86,76.22,74.32,73.79,73.4,71.65,71.16,70.71,71.72,71.44,70.17,71.17,70.72,68.8,70.47,69.03
PGEL,550.1,528.3,532.3,529.2,528,559.45,578.1,580.35,582.9,579.8,590.55,591.4,573.9,570.35,604.2,585.5,590.9,592.5,587.2,572.1,579.05,553.9
HDFCLIFE,736.05,749.25,750.7,763.9,783.1,782.2,773.7,770.25,761.8,761.1,762.2,764,761.65,766.55,787.55,777.8,764.3,766.75,759,751.95,760.8,768.3
SRF,2899.3,2896.8,2903.9,2929.9,2941.4,2912,2839.1,2833.1,2816.6,2786.4,2851.6,2838.4,2807.5,2793.8,2809.8,2840,2927.3,2923,2859.5,2830,2840.1,2885.4
HONAUT,36240,36070,36015,35505,35495,35515,35530,35450,34830,34795,34685,34135,36265,34955,35745,35505,35395,35510,35275,34990,34850,34895
KIMS,720.3,728.1,700.95,670.3,687.35,678.15,665,676.05,668.2,663.75,673.05,670.1,678.45,675.15,684.15,683.45,685.1,690.05,700.55,706.85,706.55,704
CESC,175.6,174.75,172.54,171.1,171.84,172.22,174.41,175.7,174.89,171.38,169.83,172.01,167.4,167.13,173.44,170.84,170.48,172.38,172.98,175.35,175.87,174
NAM-INDIA,866.85,849.55,891,870.6,873.1,884.95,863.25,858.9,862.25,883.1,885.8,881.35,876.05,858.3,859.4,875.5,875.6,857.75,837.9,820.6,833.85,814
SOLARINDS,13376,13573,13407,13788,14084,13759,13880,13910,13770,13809,13951,13758,13367,13267,13460,13353,13272,13248,13307,12835,12941,12819
ADANIENT,2243.68,2297.1,2298.36,2294.58,2408.69,2412.27,2440,2462,2436.8,2433.1,2446.1,2422.3,2399.2,2332.9,2315,2255,2280.2,2262,2239.6,2189.8,2217.9,2265.4
ADANIPORTS,1436.8,1448.3,1444.9,1474.4,1506.9,1499,1512.7,1507.6,1495,1484.2,1491.1,1479.8,1485.9,1483.9,1506.2,1509.1,1516.9,1530.5,1518.1,1497.7,1505.6,1509.4
DEVYANI,155.67,147.97,146.65,142.04,143.22,138.61,138.07,142.57,148.08,145.58,147.32,144.29,138.83,139.7,139.2,136.33,135.64,133.72,133.16,136.93,138.92,136.75
BAJAJHLDNG,13139,12580,12614,12156,11998,11981,12570,12124,11872,11733,11747,11641,11473,11640,11734,11246,11499,11332,11049,11222,11118,11181
GRAPHITE,591.15,577.25,538.55,569.8,568.4,571.35,571.65,573.7,596.4,568.55,562.55,555,553.85,552.4,558.2,554.25,555,549.8,544.55,545.2,544.05,537.5
NATIONALUM,230.59,234.73,257.36,265.66,266.95,268.67,262.57,260.76,257.3,256.6,257.62,250.68,251.06,253.97,258.18,261.33,259.98,263.8,265.15,266.5,269.25,273.15
ZYDUSLIFE,936.7,944.1,948.4,938.9,951.4,944.15,944.45,934.75,928.4,930.2,928,924.3,926.65,928.5,940.55,937.25,942.5,936.45,942.7,934.95,935.75,931.45
LTFOODS,407.7,404.3,404.7,407.15,416.2,410.25,412.9,412.65,407.9,414.6,408.25,409.55,402.05,404.75,405,404.95,408.3,415.25,415.4,402.05,408.6,396.4
GAIL,178.98,180.47,181.52,182.34,182.45,183.67,183.41,185.3,184.31,184.05,184.31,182.99,181.09,180.22,185.16,183.8,176.09,175.41,175,170.27,170.63,169.98
TIMKEN,3054.4,3015.4,3024.4,3049.3,3077.6,3069.8,3065,3122.6,3098.3,3084,3087.2,3070.4,3134.4,3116.1,3137.5,3151.6,3154.4,3150.8,3166.3,3075.9,3134.1,3093.7
YESBANK,22.63,22.85,22.74,22.63,22.75,22.48,22.5,23.16,22.99,22.93,22.63,22.43,22.2,22.7,22.93,22.84,22.93,22.45,22.71,22.4,22.76,22.6
TATATECH,676.9,672.95,678.9,684.85,696.1,686,679.85,682.8,675.05,682.3,679.8,670.45,677.95,669.5,683.3,677.55,679.05,680.25,676.4,671.15,674.45,666.45
BANKINDIA,140.17,144.58,145.94,145.51,146.66,144.62,146.52,147.35,146.49,148.59,147.72,145.46,145.85,147.21,148.85,147.64,147.14,147.24,145.73,140.3,141.52,143.11
GLENMARK,1810.4,1811.5,1829.9,1817.3,1847.8,1880.6,1895.6,1868.9,1842.8,1840.8,1878,1844.2,1842.4,1881.5,1921.3,1944,1946.2,1941.7,1978.6,1965.9,1973.8,1968.2
ICICIGI,2001,2020.2,2025.4,1996.1,2028.6,2033.8,2005.1,2042.9,2025.8,2041.7,2037.6,2004.1,1997.5,1999,2010.3,1980.7,1970.5,1991.4,1986.7,1972.4,1983,1974.4
VEDL,504.95,515.05,519.6,523.85,520.6,529.6,525.35,520.8,510.7,511.8,509.75,496.4,495.15,504.65,516.3,519.1,526,533.3,538.4,532.8,529.65,524.5
NBCC,111.44,113.39,113.19,113.59,112.06,108.98,114.14,116.82,114.96,113.04,115.99,112.61,116.47,117.59,118.51,117.42,116.69,118.01,115.26,113.21,112.52,112.06
BAJAJFINSV,2063.2,2102.1,2118.3,1989.4,2035.5,2056.2,2065.8,2079.6,2050.2,2050.2,2095.6,2052.4,2030.8,2030.2,2085.1,2103.2,2094,2081.8,2065.9,2046,2049.2,2096.5
BAJAJFINSV,2063.2,2102.1,2118.3,1989.4,2035.5,2056.2,2065.8,2079.6,2050.2,2050.2,2095.6,2052.4,2030.8,2030.2,2085.1,2103.2,2094,2081.8,2065.9,2046,2049.2,2096.5
HSCL,456.3,452.7,451.4,459.2,459.8,456.6,454.6,456.25,450.55,451.55,446.25,440.55,422,440.65,446.45,445.15,437.6,437.3,433.65,449.55,462.35,476.75
JWL,316.1,312.8,311,311.35,310.3,306.3,304,308.55,304.7,302.85,302.1,298.4,286.95,289,291.95,292.35,285.8,285.8,284.1,278.05,275.25,267.05
ENGINERSIN,194.4,196.44,193.8,194.19,193.88,190.48,200.25,204.99,201.12,201.96,198.13,195.77,199.26,195.43,199.34,199.89,196.84,196.52,197.87,198.4,201.62,202.7
RADICO,3185.9,3310.9,3259.6,3275.6,3302.7,3187.1,3259.9,3285.4,3290.8,3229.5,3368,3273.1,3256.1,3284.5,3294,3160.2,3208.1,3217,3211.6,3260.7,3216,3201.9
WIPRO,240.05,236.49,239.84,241.69,245.22,245.33,244.37,244.05,240.9,246.07,246.26,244.49,247.27,245.64,250.19,249.56,249.53,250.28,250.17,254.69,256.93,259.91
LALPATHLAB,3108,3096.7,3089.4,3064.1,3080.7,3143.6,3153.2,3158.3,3182.6,3208.1,3127.4,3142.2,3121.1,3142.4,3098.1,3114.5,3051.8,3052.1,3044,2995.2,3054.1,3029.6
PNBHOUSING,908.55,896.15,898.95,898.5,899.05,912.55,915.4,917.65,920,908.85,905.25,887.15,872.1,881.45,915.9,910.8,905.3,908.8,899.45,878.05,882.25,903.85
TATACOMM,1842,1849.4,1843.9,1840,1840,1888.7,1874,1906.9,1880.9,1875.5,1917.4,1920.9,1880.8,1825.9,1851,1842.9,1815.2,1836.6,1848.3,1864.9,1846.8,1837.9
JUSTDIAL,753.3,753.05,745.95,733.2,747.05,744.3,734.95,772.2,777.3,767.15,764.95,748.65,749.5,742.4,745.05,735.35,737.35,738.25,737.25,725.25,731.9,729.9
MPHASIS,2773.9,2736,2776.2,2777.5,2825.8,2822,2772.1,2688.7,2658.5,2713.7,2740.4,2747.1,2765.3,2797.2,2800.2,2791.5,2811.4,2832.3,2838.1,2861,2908.4,2953.6
INDGN,530.15,523.1,518.3,511.25,508.8,514,509.85,508.15,506.05,514.7,515.1,510.05,514.3,515.25,523.4,523.45,531.3,526.85,530.65,530.85,535.05,533.6
INDIANB,865.8,873.95,876.35,867.9,867.5,869.45,868.45,890.15,886.9,885.55,882.35,851.8,854.75,873.1,886.75,865.9,870.25,887.35,859.45,812.8,802.6,808.95
HBLENGINE,966.1,979.2,1098.8,994.2,975.1,964.8,1041.3,1038.4,1028.7,935.4,931.1,896.9,885.2,881.6,884.5,877.5,885.7,870.35,846.5,844.15,810.2,807.6
ECLERX,4569.9,4279.5,4363.4,4341.7,4487.5,4446.8,4400.6,4565.1,4451.9,4425.4,4595.7,4457.1,4519,4428.2,4428.8,4490.4,4550.7,4689.8,4794.8,4911.4,4896.6,4832.2
GESHIP,1049.5,1085.2,1089.6,1108.8,1159,1136,1133.2,1133.4,1131.3,1117.2,1100.6,1096.6,1088.1,1064,1093.9,1095,1106.9,1125,1097.1,1105,1104,1091
WOCKPHARMA,1353.3,1337.7,1361.3,1331.8,1360.2,1347,1345.5,1368.3,1344.4,1330.6,1325.1,1311.3,1292.6,1270.2,1278.8,1278.7,1235,1472.2,1494.8,1415.3,1331.9,1360
BRIGADE,993,980,978.4,968.4,958.9,950.7,944.2,945.4,926,925.2,923.3,898.7,869.7,899.2,911.6,898.5,895.1,898.8,889.85,885.6,891.55,883.15
PTCIL,17430,17441,17327,17513,17526,17285,16944,17324,17234,17231,17153,17236,17760,17876,18135,18037,18177,18255,18352,18376,18260,18875
VTL,429.25,438.3,435.85,446.8,447.35,450.85,452.8,460.25,455.55,460.65,465.25,451.95,435.4,425.15,432.2,428,437.1,430.4,431.95,430.8,432.1,432.65
TECHM,1413.6,1386.7,1397.8,1408,1456.1,1451.4,1439.2,1452.8,1422,1433.9,1456,1461.5,1494.7,1494.7,1520.4,1509.8,1517.3,1529.5,1536.7,1541.7,1562.3,1570.8
HCLTECH,1526.4,1512.4,1540.5,1570,1594,1598.5,1594.6,1606.4,1595.2,1662.6,1645.4,1608,1610.4,1601.1,1617.9,1629,1624.2,1642.9,1635.5,1640.5,1654.6,1683
HCLTECH,1526.4,1512.4,1540.5,1570,1594,1598.5,1594.6,1606.4,1595.2,1662.6,1645.4,1608,1610.4,1601.1,1617.9,1629,1624.2,1642.9,1635.5,1640.5,1654.6,1683
UNIONBANK,150.15,153.3,154.24,152.62,156.29,151.9,152.76,154.08,153.11,154.48,153.19,150.89,150.99,152.85,155.4,154.28,153.27,154.19,155.77,151.38,152.43,153.3
CHENNPETRO,975.85,1016.3,1000.25,1032.55,1034.15,1035,1029,1075.8,1096.55,1060.4,1076.35,1025.2,989.2,1018.8,896.6,917.15,916.15,911.55,932.75,941.6,930.35,928.15
JSWINFRA,283.9,280.2,278.8,283.4,284.65,281.35,280.9,281.35,276.15,277.3,276.25,269.9,269,267.3,269.75,269.85,270.35,270.9,272.9,270.15,268.45,269.25
TATAELXSI,5242.5,5180,5207,5283.5,5388,5307.5,5266.5,5303,5277,5347.5,5366.5,5320.5,5231,5164,5229.5,5197,5158.5,5123,5127,5174.5,5216.5,5217.5
AXISBANK,1228.5,1222.8,1217,1222.5,1221.6,1225.2,1241.6,1249.6,1265.4,1270.4,1285.2,1275.8,1269,1266.3,1290.2,1287.3,1279.7,1275.7,1258,1270.7,1280,1282.5
AXISBANK,1228.5,1222.8,1217,1222.5,1221.6,1225.2,1241.6,1249.6,1265.4,1270.4,1285.2,1275.8,1269,1266.3,1290.2,1287.3,1279.7,1275.7,1258,1270.7,1280,1282.5
LUPIN,1955.5,1971.8,1990.2,1975.9,2033.9,2052.9,2055.3,2052.1,2047.4,2025.4,2030.8,2029.4,1999.6,2042.3,2071.6,2071.4,2082.2,2081.9,2082.7,2080.1,2092,2098.8
ADANIGREEN,1060.5,1059.8,1041.3,1044.2,1070.8,1076.8,1068.8,1088.6,1077.6,1069.9,1060,1030.5,1009.4,1011.6,1034.4,1031.1,1048.2,1039.6,1022.6,1012.6,1013.4,1017.7
KEI,5.76,5.82,5.92,5.89,5.63,5.58,5.63,5.81,5.84,5.67,5.5,5.55,5.46,5.47,5.69,5.71,5.6,5.65,5.6,5.69,5.65,5.57
MRF,113,113,111,111,113,110,111,113,110,110,112,111,111,111,111,109,109,107,108,107,107,108
JKTYRE,447.9,458.5,455.7,452.85,466.85,465.75,460,461.85,455.8,446.6,450.55,446.45,446.85,441.7,456,448.3,447,449.95,454.4,464.5,474,464.3
LTIM,5652,5567.5,5643,5710.5,5893.5,5847,5809,5848.5,5756,5972,6027,5926,5922,5833,5890,6025.5,6096.5,6152.5,6164,6159,6266,6292
GMDCLTD,566.75,600.3,599.55,599.9,594.15,588.9,567.6,563.45,543.5,515.4,510.05,488.9,469.6,488.05,528.1,553.15,539.3,551.85,540.7,521.2,529.6,514.4
DRREDDY,1205.2,1205.4,1198.7,1211.5,1229.6,1234.9,1246,1244.4,1243.8,1250.2,1248.6,1243.9,1226.2,1236.1,1248,1249.3,1258.8,1260.1,1275.2,1280.7,1277.6,1275.2
TRITURBINE,526.25,515.85,529.05,536.2,543.2,535.25,540.55,537.15,540.15,546.7,541.15,539.35,541.55,538.9,541.85,542.1,536.9,526.55,524.45,545.3,538.25,545.4
AUROPHARMA,1140.6,1123.8,1154.8,1168.2,1183.6,1210.2,1222.5,1236.9,1239.3,1235.8,1207.7,1205.9,1194,1208,1227.4,1235.8,1226.7,1216.2,1215.2,1208.9,1223.1,1217.6
AUROPHARMA,1140.6,1123.8,1154.8,1168.2,1183.6,1210.2,1222.5,1236.9,1239.3,1235.8,1207.7,1205.9,1194,1208,1227.4,1235.8,1226.7,1216.2,1215.2,1208.9,1223.1,1217.6
INDUSTOWER,398.3,400.8,398.75,400.6,406.95,407.85,412.35,410.15,402.2,403.25,400.5,397,400.1,403.6,405.6,404.25,401.05,396.6,401.95,404.65,402,415.7
CYIENT,1142.2,1112.7,1143.2,1158.5,1167,1153.8,1131.6,1134.2,1127.9,1152.6,1148.9,1120.2,1118.1,1103.6,1118.4,1113.3,1123.6,1163.3,1178.8,1180.6,1177.2,1169.2
CGPOWER,732.7,733.25,738.15,732.95,739.85,745.2,743.5,749.75,733.75,724.1,721.25,710.2,683,682.55,688.4,679.25,672.9,669.75,659.7,664.2,662.35,661.35
PREMIERENE,1004.2,1029.8,1023.5,1025.1,1063.6,1061.2,997.9,1010,995.9,994.1,997.9,989.2,989.3,967.4,981.4,989.3,975.7,971.75,965.6,971.1,941.95,900.2
ELECON,546.05,537.75,523.55,513.4,525.75,540.35,535.65,545.55,536.15,538.7,532.45,514.35,494.4,497.75,503.15,499.55,504.45,491.2,487.85,482.2,479.5,474.45
TANLA,606.4,611.85,610.35,613.4,619.7,614.4,610.55,616.2,607.75,610,598.05,577.6,556.4,557.95,571,568.65,554,557.45,556.15,559.15,557.8,551.9
BHEL,260.05,263.85,273.35,285.8,287.05,281.5,281.6,285.5,289.1,289.2,285.25,282.5,277.9,282.9,289.7,290.85,290.85,291,285.5,278.55,275.75,277.75
HEG,556.65,549.5,519.3,531.8,522.15,515.25,515.9,511,516.95,520.1,513.45,503.45,496.9,525.4,547.65,533.75,527.7,522.1,520,523.7,523.1,520.5
ACMESOLAR,269.1,265.1,258,251.8,255.2,251.05,250.6,252.2,246.6,242.9,244.4,238.05,233.15,236.85,233.7,232.45,230.15,226.54,222.08,218.41,219.24,212.64
SHRIRAMFIN,792.5,816.35,821.1,832.3,822.5,814,809.3,817.9,820.2,818.05,826.6,823.3,828.2,838.25,856.6,867.65,851.65,851.55,843.4,828.1,828.15,854.9
POWERINDIA,20207,20863,21297,21854,22018,21415,21466,21474,21415,21624,22397,21563,21542,21742,22204,21798,22056,22185,22755,21850,20085,19305
WELSPUNLIV,127.22,129.48,132.27,134.83,139.32,136.58,138.33,138.18,140.92,136.62,140.38,136.37,131.87,130.27,133.53,132.54,148.82,142,136.38,140.39,136.75,134.7
ABB,5.78,5.53,5.7,5.73,5.78,5.59,5.43,5.51,5.14,4.99,5.08,4.95,5,5.14,5.25,5.39,5.32,5.19,5.22,5.13,5.09,5.09
AMBER,7832.5,7227,7016.5,7144.5,7204.5,7122,7376,7443.5,7356,7411,7256.5,7196,7043.5,7138,7302,7103,7181,7072.5,7041.5,7026.5,6750,6562.5
ZENSARTECH,703.4,697.65,722.75,729.1,741.45,728.8,724.85,724.25,703.85,709.5,719.6,709.3,716.75,716.15,735.3,747.05,749.65,745.95,733.6,738.4,750.75,746.15
SAGILITY,50.65,51.82,50.76,50.07,51.65,50.44,53.28,50.88,51.02,50.39,49.69,48.47,49.41,50.01,50.34,49.87,50.08,49.74,49.29,49.94,50.03,49.3
NHPC,82.85,81.48,82.31,81.89,81.98,81.46,80.3,81.25,80.53,80.05,80.12,78.82,76.96,77.23,77.43,76.95,76.74,77.3,77.28,76.83,76.89,77.07
TIINDIA,2977.6,2985.6,2980.3,2999.4,3035.5,3033.4,3067.6,3091.6,3031.7,3033.3,3005,2884.4,2909.3,2879.7,2880.7,2836.8,2784.4,2797.8,2793.7,2740.5,2703.6,2666.7
HINDZINC,467.2,474.5,484.6,487.5,481.9,495.2,487.05,483.9,475.95,476.55,472.15,458.3,454,462.6,470.25,474.55,485.2,499.85,495.65,504.4,496.75,498.1
MSUMI,47.79,46.78,45.87,46.42,46.35,47.39,47.96,49.01,48.42,48.64,49.05,48.42,47.59,46.79,45.98,46.27,45.66,46.66,46.41,46.14,45.54,45.6
COCHINSHIP,1702.7,1725.8,1755.1,1754.5,1792,1707.3,1725.3,1721.7,1710,1699.3,1724.7,1697.3,1667.4,1682.5,1677.2,1676,1666.1,1666.8,1639.9,1622.4,1640.4,1644
SBICARD,870.2,872,875.05,863.45,869.8,877.65,874.95,889.2,867.35,863.7,874.1,878.05,869.7,873.4,877.75,880.4,880.15,876.5,883.45,867.95,855.9,885.15
BAJFINANCE,1041.9,1066.6,1085,1005.2,1013.2,1005.4,1018.5,1026.8,1013.6,1005.6,1028.6,1004.1,994,986.2,1010.7,1033.8,1037.5,1021.1,1025.5,1021.4,1029.1,1048
BAJFINANCE,1041.9,1066.6,1085,1005.2,1013.2,1005.4,1018.5,1026.8,1013.6,1005.6,1028.6,1004.1,994,986.2,1010.7,1033.8,1037.5,1021.1,1025.5,1021.4,1029.1,1048
MOTHERSON,103.92,103.8,102.55,105.46,105.92,109.13,109.84,110.02,108.96,112.16,112,109.8,109.22,110.21,111.81,116.13,116.31,116.55,119.26,116.57,117.56,117.05
COFORGE,1763.9,1740.2,1757.6,1797.1,1827.7,1810.2,1799.6,1801.1,1784.3,1858.2,1846.1,1797.5,1808.2,1831.7,1871.1,1910.2,1908.7,1902.6,1913.9,1912.5,1966.2,1977.9
ADANIENSOL,968.15,960.6,959.15,989.3,1001.9,1021.4,1023.85,1021.55,1026.65,1006.25,993.6,974.8,970.15,971.5,991.2,984.35,994.55,999.1,976.95,969.5,971.7,978.85
AFFLE,1778,1747.2,1743.8,1735.4,1775.3,1733.7,1723.9,1728.6,1693.2,1686.6,1719,1719,1715.3,1680.9,1669.1,1673.2,1660.9,1694.8,1658.3,1631.4,1645.7,1632.8
BEML,1986.8,2006.7,2007.7,2018.1,2009.2,1985.1,2009.8,2008.7,1977.8,1939.1,1965.8,1903.9,1823.7,1841.3,1875.1,1843.6,1828,1817.7,1793,1774,1765.3,1710.3
NSLNISP,43.41,43.47,43.34,43.88,43.76,43.86,43.19,42.86,42.51,41.99,41.88,41.15,40.9,40.99,42.81,42.66,41.87,41.97,41.93,41.53,41.44,41.13
RAYMONDLSL,1150.8,1153.2,1135.7,1124.6,1137.2,1119.9,1124.5,1126.7,1116,1131.8,1147.9,1124.2,1094.9,1108.2,1146.7,1126.2,1117.5,1121,1099.2,1068,1066.7,1034.5
DATAPATTNS,2613.8,2616.2,2644.4,2756.7,2792.2,3003.4,3100.7,3085.9,3114.4,3055.2,3104.6,3028.4,2941.2,2946.4,2941.8,2965.6,2970.8,2929.1,2895.2,2888.5,2896.9,2766.3
SONATSOFTW,365.85,367.8,376.15,371.8,392.8,389.4,374.15,370.95,365.5,370.05,364.95,358.05,360.3,357.95,360.4,357.05,357.4,358.8,350.1,364.45,365.55,361.2
CHOLAHLDNG,1972.6,1884.1,1913.5,1937.5,1949.9,1967,1976.5,1972.9,1923.6,1889.9,1885,1844.3,1826.3,1845,1850.8,1800.7,1846.2,1894.9,1877.2,1881.7,1882.6,1917.6
PERSISTENT,5842,5781,5864.5,6031,6134.5,6137,6101,6116.5,6079.5,6316,6350.5,6296.5,6374.5,6370.5,6415,6432,6353,6406,6393.5,6331,6452,6520.5
GPPL,171.82,179.6,177.15,179.71,174.81,174.89,174.43,175.62,174.94,173.86,177.31,177.95,179.88,178.84,180.15,174.94,178.72,180.32,181.86,184.39,185.88,182.29
OFSS,8212.5,8076.5,8176.5,8242,8394,8303.5,8223.5,8286.5,8177.5,8333,8372.5,8169.5,8146.5,8084,8177.5,8150.5,8107,8149.5,8099,8075.5,8191.5,8219
RAILTEL,354.5,351.65,349.25,353.3,357.4,352.7,358.1,364.35,356,350.55,349.6,342.25,335.75,338.15,343.2,345.95,338.9,338.85,336.15,332.05,330.5,334.35
SOBHA,1654.4,1701.2,1647.9,1612.6,1611.3,1595.1,1573.8,1618.5,1571.6,1569.4,1556.9,1529.1,1516.9,1548.9,1572.6,1538.4,1537.3,1530.9,1550.6,1528.2,1538.9,1537.8
GRSE,2584.2,2574.1,2682.5,2785.9,2816.6,2749.8,2897.1,2888.1,2857.6,2829.4,2921.1,2816.9,2711.9,2710.1,2757.8,2785.3,2793.2,2735,2608.4,2560.1,2551.1,2470.9
ATGL,15.9,15.79,14.6,14,9.01,21.61,20,17.66,21,20.2,21.89,22.15,24.89,24.05,25.99,26.8,26.25,26.07
OLECTRA,1525.3,1515.6,1477.6,1407.7,1427.1,1421.2,1407,1407.8,1381.3,1387.4,1384.2,1325.9,1271.4,1269,1283.5,1270.5,1250.4,1250.4,1236.9,1208.8,1239.4,1218
TITAGARH,855.9,843.3,847.7,864.1,879.05,863,866.45,879.85,869.7,871.7,866.2,849.8,844.25,837.1,847.95,838.05,826.7,822.9,807.9,794.2,788.7,789.05
MAZDOCK,2630.5,2670.3,2705.6,2752.5,2757.7,2736,2782.1,2800.5,2799.3,2783.4,2829.5,2745.2,2686.1,2643,2696.5,2677.4,2679.6,2672.2,2651.2,2617.2,2641.2,2616.3
APARINDS,8404,8280.5,8280,8531,8980,8874.5,9071,9230.5,9317,9335,9231.5,9163,8892.5,8932,9156.5,9145.5,9159.5,8975,8901,8719,8847.5,8899
FLUOROCHEM,3646.5,3614,3569.4,3488.2,3699.5,3616.1,3556.5,3593.2,3567.5,3512.6,3485.8,3481.1,3395.5,3397,3445.3,3477.4,3423.5,3396.2,3422.6,3363.8,3348.5,3384.7
NEULANDLAB,17550,17837,18113,17193,17577,17223,17461,17356,17250,17076,16719,16598,16283,16846,16650,16593,17288,16587,16354,16974,16995,16887
NLCINDIA,259.95,258.25,262.65,262.8,260.3,259.65,254.95,255.85,255.15,251.95,249.5,245.5,243.8,240.05,246.9,247.95,243.2,239.85,241.46,239.88,237.69,239.4
INTELLECT,1133.2,1132.7,1099.1,1098.9,1148,1120.4,1089.7,1096.2,1088.3,1142.8,1097.5,1091.3,1096.3,1088.8,1098.8,1096.4,1112.5,1107.8,1096.4,1097.4,1089.7,1056.1
HINDCOPPER,322.3,332.8,337.95,359.7,339.7,337.05,335.25,338.55,330.55,327.75,327.15,314.15,313.3,320.2,329.1,325.8,327,339.3,338.6,339.2,365.75,371.85
JBMA,639.75,634.1,627.2,632.45,635.55,631.55,633.4,642.35,630.8,624.95,624.55,614.6,606.25,606.5,617.25,618.15,614,612.85,612.15,604.75,602.35,590.05
WAAREEENER,3369,3276.2,3315.1,3318.6,3357.1,3335.5,3348.7,3301.7,3281.9,3174.4,3246.8,3185.7,3257.4,3260.6,3286.2,3217.1,3172.5,3179.9,3154.1,3108.6,2984.3,2871.4
UPL,2.38,2.5,2.38,2.35,2.22,2.3,2.38,2.48,2.47,2.7,2.78,2.9,3.2,3.15,3.3,3.4,3.9,3.7,3.75,3.54,3.45,3.85
